N = 10

  Number of pairs: 1

  Slow transitivity closure:

    Minimum: 993

         1  2  3  4  5  6  7  8  9 10 
       ------------------------------
     1 | 0  0  0  0  0  0  0  0  0  0 
     2 | 0  0  0  0  0  0  0  0  0  0 
     3 | 0  0  1  0  0  0  0  0  0  0 
     4 | 0  0  0  0  0  0  0  0  0  0 
     5 | 0  0  0  0  0  0  0  0  0  0 
     6 | 0  0  0  0  0  0  0  0  0  0 
     7 | 0  0  0  0  0  0  0  0  0  0 
     8 | 0  0  0  0  0  0  0  0  0  0 
     9 | 0  0  0  0  0  0  0  0  0  0 
    10 | 0  0  0  0  0  0  0  0  0  0 

    Maximum: 1000

         1  2  3  4  5  6  7  8  9 10 
       ------------------------------
     1 | 0  0  0  0  0  0  0  0  0  0 
     2 | 0  0  0  0  0  0  0  0  0  0 
     3 | 0  0  0  0  0  0  0  0  0  0 
     4 | 0  0  0  0  0  0  0  0  0  0 
     5 | 0  0  0  0  0  0  0  0  0  0 
     6 | 0  0  0  0  0  0  0  0  0  0 
     7 | 0  0  0  0  0  0  0  0  0  0 
     8 | 0  0  0  0  0  0  0  0  0  0 
     9 | 0  0  0  1  0  0  0  0  0  0 
    10 | 0  0  0  0  0  0  0  0  0  0 


  Transitivity closure:

    Minimum: 7944

         1  2  3  4  5  6  7  8  9 10 
       ------------------------------
     1 | 0  0  0  0  0  0  0  0  0  0 
     2 | 0  0  0  0  0  0  0  0  0  0 
     3 | 0  0  1  0  0  0  0  0  0  0 
     4 | 0  0  0  0  0  0  0  0  0  0 
     5 | 0  0  0  0  0  0  0  0  0  0 
     6 | 0  0  0  0  0  0  0  0  0  0 
     7 | 0  0  0  0  0  0  0  0  0  0 
     8 | 0  0  0  0  0  0  0  0  0  0 
     9 | 0  0  0  0  0  0  0  0  0  0 
    10 | 0  0  0  0  0  0  0  0  0  0 

    Maximum: 8000

         1  2  3  4  5  6  7  8  9 10 
       ------------------------------
     1 | 0  0  0  0  0  0  0  0  0  0 
     2 | 0  0  0  0  0  0  0  0  0  0 
     3 | 0  0  0  0  0  0  0  0  0  0 
     4 | 0  0  0  0  0  0  0  0  0  0 
     5 | 0  0  0  0  0  0  0  0  0  0 
     6 | 0  0  0  0  0  0  0  0  0  0 
     7 | 0  0  0  0  0  0  0  0  0  0 
     8 | 0  0  0  0  0  0  0  0  0  0 
     9 | 0  0  0  1  0  0  0  0  0  0 
    10 | 0  0  0  0  0  0  0  0  0  0 


  Transitivity closure improved:

    Minimum: 993

         1  2  3  4  5  6  7  8  9 10 
       ------------------------------
     1 | 0  0  0  0  0  0  0  0  0  0 
     2 | 0  0  0  0  0  0  0  0  0  0 
     3 | 0  0  1  0  0  0  0  0  0  0 
     4 | 0  0  0  0  0  0  0  0  0  0 
     5 | 0  0  0  0  0  0  0  0  0  0 
     6 | 0  0  0  0  0  0  0  0  0  0 
     7 | 0  0  0  0  0  0  0  0  0  0 
     8 | 0  0  0  0  0  0  0  0  0  0 
     9 | 0  0  0  0  0  0  0  0  0  0 
    10 | 0  0  0  0  0  0  0  0  0  0 

    Maximum: 1000

         1  2  3  4  5  6  7  8  9 10 
       ------------------------------
     1 | 0  0  0  0  0  0  0  0  0  0 
     2 | 0  0  0  0  0  0  0  0  0  0 
     3 | 0  0  0  0  0  0  0  0  0  0 
     4 | 0  0  0  0  0  0  0  0  0  0 
     5 | 0  0  0  0  0  0  0  0  0  0 
     6 | 0  0  0  0  0  0  0  0  0  0 
     7 | 0  0  0  0  0  0  0  0  0  0 
     8 | 0  0  0  0  0  0  0  0  0  0 
     9 | 0  0  0  1  0  0  0  0  0  0 
    10 | 0  0  0  0  0  0  0  0  0  0 


  Transitivity closure by Warshall:

    Minimum: 1000

         1  2  3  4  5  6  7  8  9 10 
       ------------------------------
     1 | 0  0  0  0  0  0  0  0  0  0 
     2 | 0  0  0  0  0  0  0  0  0  0 
     3 | 0  0  0  0  0  0  0  0  0  0 
     4 | 0  0  0  0  0  0  0  0  0  0 
     5 | 0  0  0  0  0  0  0  0  0  0 
     6 | 0  0  0  0  0  0  0  0  0  0 
     7 | 0  0  0  0  0  0  0  0  0  0 
     8 | 0  0  0  0  0  0  0  0  0  0 
     9 | 0  0  0  1  0  0  0  0  0  0 
    10 | 0  0  0  0  0  0  0  0  0  0 

    Maximum: 1000

         1  2  3  4  5  6  7  8  9 10 
       ------------------------------
     1 | 0  0  0  0  0  0  0  0  0  0 
     2 | 0  0  0  0  0  0  0  0  0  0 
     3 | 0  0  0  0  0  0  0  0  0  0 
     4 | 0  0  0  0  0  0  0  0  0  0 
     5 | 0  0  0  0  0  0  0  0  0  0 
     6 | 0  0  0  0  0  0  0  0  0  0 
     7 | 0  0  0  0  0  0  0  0  0  0 
     8 | 0  0  0  0  0  0  0  0  0  0 
     9 | 0  0  0  1  0  0  0  0  0  0 
    10 | 0  0  0  0  0  0  0  0  0  0 


  Transitivity closure improved by Warshall:

    Minimum: 109

         1  2  3  4  5  6  7  8  9 10 
       ------------------------------
     1 | 0  0  0  0  0  0  0  0  0  0 
     2 | 0  0  0  0  0  0  0  0  0  0 
     3 | 0  0  0  0  0  0  0  0  0  0 
     4 | 0  0  0  0  0  0  0  0  0  0 
     5 | 0  0  0  0  0  0  0  0  0  0 
     6 | 0  0  0  0  0  0  0  0  0  0 
     7 | 0  0  0  0  0  0  0  0  0  0 
     8 | 0  0  0  0  0  0  0  0  0  0 
     9 | 0  0  0  1  0  0  0  0  0  0 
    10 | 0  0  0  0  0  0  0  0  0  0 

    Maximum: 109

         1  2  3  4  5  6  7  8  9 10 
       ------------------------------
     1 | 0  0  0  0  0  0  0  0  0  0 
     2 | 0  0  0  0  0  0  0  0  0  0 
     3 | 0  0  0  0  0  0  0  0  0  0 
     4 | 0  0  0  0  0  0  0  0  0  0 
     5 | 0  0  0  0  0  0  0  0  0  0 
     6 | 0  0  0  0  0  0  0  0  0  0 
     7 | 0  0  0  0  0  0  0  0  0  0 
     8 | 0  0  0  0  0  0  0  0  0  0 
     9 | 0  0  0  1  0  0  0  0  0  0 
    10 | 0  0  0  0  0  0  0  0  0  0 

  Number of pairs: 25

  Slow transitivity closure:

    Minimum: 985

         1  2  3  4  5  6  7  8  9 10 
       ------------------------------
     1 | 0  1  1  0  0  1  1  1  0  0 
     2 | 0  0  1  1  0  0  0  1  1  0 
     3 | 0  0  1  0  0  0  0  0  1  0 
     4 | 0  0  0  1  1  0  0  1  0  0 
     5 | 0  1  0  0  0  0  0  0  0  1 
     6 | 0  0  0  1  0  0  0  0  0  0 
     7 | 0  0  0  0  0  0  0  0  1  0 
     8 | 1  1  0  0  0  0  0  1  0  1 
     9 | 1  0  0  0  0  1  0  0  0  0 
    10 | 0  0  0  0  0  0  0  0  1  0 

    Maximum: 2054

         1  2  3  4  5  6  7  8  9 10 
       ------------------------------
     1 | 0  0  0  0  0  0  1  0  0  0 
     2 | 0  0  0  1  0  0  0  0  0  0 
     3 | 0  0  1  0  1  0  0  0  0  0 
     4 | 0  1  0  0  1  0  0  0  0  0 
     5 | 0  0  0  0  0  1  0  0  0  0 
     6 | 0  0  0  0  1  0  0  1  0  0 
     7 | 0  0  1  1  1  1  0  0  0  1 
     8 | 0  0  1  1  0  1  0  0  1  0 
     9 | 0  0  0  0  0  1  0  1  1  0 
    10 | 1  0  0  0  0  0  1  0  1  1 


  Transitivity closure:

    Minimum: 3357

         1  2  3  4  5  6  7  8  9 10 
       ------------------------------
     1 | 1  1  0  1  0  0  0  0  0  0 
     2 | 0  0  0  0  0  0  0  0  1  0 
     3 | 0  1  0  0  1  0  0  0  1  1 
     4 | 0  0  0  1  0  1  0  1  0  0 
     5 | 0  0  0  0  1  0  0  0  0  0 
     6 | 1  0  0  0  0  0  0  0  0  0 
     7 | 1  1  1  0  0  0  1  1  0  0 
     8 | 1  0  0  0  0  0  0  0  0  0 
     9 | 1  0  0  1  0  0  1  0  0  1 
    10 | 0  1  0  0  0  0  0  0  0  1 

    Maximum: 5461

         1  2  3  4  5  6  7  8  9 10 
       ------------------------------
     1 | 0  0  0  0  0  0  0  0  0  0 
     2 | 0  0  1  0  0  0  1  1  0  0 
     3 | 0  0  0  0  1  1  0  0  0  0 
     4 | 0  1  0  1  1  0  1  0  0  1 
     5 | 0  0  1  0  1  0  0  0  0  0 
     6 | 1  0  1  0  0  1  0  0  0  0 
     7 | 0  0  0  1  0  0  1  1  0  1 
     8 | 1  0  1  1  0  0  1  0  0  0 
     9 | 0  0  1  0  0  0  0  0  0  0 
    10 | 1  0  0  0  0  0  0  0  0  0 


  Transitivity closure improved:

    Minimum: 2003

         1  2  3  4  5  6  7  8  9 10 
       ------------------------------
     1 | 0  1  1  0  0  1  1  1  0  0 
     2 | 0  0  1  1  0  0  0  1  1  0 
     3 | 0  0  1  0  0  0  0  0  1  0 
     4 | 0  0  0  1  1  0  0  1  0  0 
     5 | 0  1  0  0  0  0  0  0  0  1 
     6 | 0  0  0  1  0  0  0  0  0  0 
     7 | 0  0  0  0  0  0  0  0  1  0 
     8 | 1  1  0  0  0  0  0  1  0  1 
     9 | 1  0  0  0  0  1  0  0  0  0 
    10 | 0  0  0  0  0  0  0  0  1  0 

    Maximum: 5461

         1  2  3  4  5  6  7  8  9 10 
       ------------------------------
     1 | 0  0  0  0  0  0  0  0  0  0 
     2 | 0  0  1  0  0  0  1  1  0  0 
     3 | 0  0  0  0  1  1  0  0  0  0 
     4 | 0  1  0  1  1  0  1  0  0  1 
     5 | 0  0  1  0  1  0  0  0  0  0 
     6 | 1  0  1  0  0  1  0  0  0  0 
     7 | 0  0  0  1  0  0  1  1  0  1 
     8 | 1  0  1  1  0  0  1  0  0  0 
     9 | 0  0  1  0  0  0  0  0  0  0 
    10 | 1  0  0  0  0  0  0  0  0  0 


  Transitivity closure by Warshall:

    Minimum: 1000

         1  2  3  4  5  6  7  8  9 10 
       ------------------------------
     1 | 0  1  0  1  0  0  1  0  0  0 
     2 | 1  0  0  0  0  0  0  0  0  0 
     3 | 0  0  1  0  0  0  1  0  0  1 
     4 | 1  1  0  0  1  0  0  1  1  1 
     5 | 0  1  1  1  0  0  0  1  0  0 
     6 | 0  0  1  0  0  0  0  0  1  0 
     7 | 0  0  0  0  0  0  0  1  0  0 
     8 | 0  0  0  0  0  0  0  0  0  0 
     9 | 0  0  0  1  0  0  0  0  1  1 
    10 | 0  0  0  0  0  1  1  0  0  0 

    Maximum: 1000

         1  2  3  4  5  6  7  8  9 10 
       ------------------------------
     1 | 0  1  0  1  0  0  1  0  0  0 
     2 | 1  0  0  0  0  0  0  0  0  0 
     3 | 0  0  1  0  0  0  1  0  0  1 
     4 | 1  1  0  0  1  0  0  1  1  1 
     5 | 0  1  1  1  0  0  0  1  0  0 
     6 | 0  0  1  0  0  0  0  0  1  0 
     7 | 0  0  0  0  0  0  0  1  0  0 
     8 | 0  0  0  0  0  0  0  0  0  0 
     9 | 0  0  0  1  0  0  0  0  1  1 
    10 | 0  0  0  0  0  1  1  0  0  0 


  Transitivity closure improved by Warshall:

    Minimum: 469

         1  2  3  4  5  6  7  8  9 10 
       ------------------------------
     1 | 0  0  0  0  0  0  0  0  0  0 
     2 | 0  0  1  0  0  0  1  1  0  0 
     3 | 0  0  0  0  1  1  0  0  0  0 
     4 | 0  1  0  1  1  0  1  0  0  1 
     5 | 0  0  1  0  1  0  0  0  0  0 
     6 | 1  0  1  0  0  1  0  0  0  0 
     7 | 0  0  0  1  0  0  1  1  0  1 
     8 | 1  0  1  1  0  0  1  0  0  0 
     9 | 0  0  1  0  0  0  0  0  0  0 
    10 | 1  0  0  0  0  0  0  0  0  0 

    Maximum: 640

         1  2  3  4  5  6  7  8  9 10 
       ------------------------------
     1 | 0  1  0  1  0  0  0  0  1  1 
     2 | 0  0  0  0  0  1  0  1  0  0 
     3 | 0  0  1  0  1  0  0  0  0  0 
     4 | 0  0  1  0  0  0  0  0  0  0 
     5 | 1  1  0  0  0  0  0  1  0  1 
     6 | 1  0  1  0  0  0  0  0  1  0 
     7 | 0  0  0  0  0  0  1  1  0  0 
     8 | 0  0  0  0  0  1  1  1  1  0 
     9 | 1  0  0  0  0  0  1  0  0  0 
    10 | 0  0  0  0  0  0  0  0  1  0 

  Number of pairs: 50

  Slow transitivity closure:

    Minimum: 482

         1  2  3  4  5  6  7  8  9 10 
       ------------------------------
     1 | 1  1  0  1  0  0  1  0  1  1 
     2 | 0  1  1  0  1  1  0  0  1  1 
     3 | 1  0  1  1  1  1  1  0  0  1 
     4 | 0  1  0  1  1  1  1  0  0  0 
     5 | 1  0  0  0  0  0  0  1  1  0 
     6 | 1  1  0  1  0  1  0  1  0  0 
     7 | 1  1  0  0  0  0  0  0  0  1 
     8 | 0  1  0  0  1  0  1  0  0  1 
     9 | 0  1  1  1  0  0  0  1  0  1 
    10 | 0  1  0  1  1  1  1  0  0  1 

    Maximum: 663

         1  2  3  4  5  6  7  8  9 10 
       ------------------------------
     1 | 0  0  0  0  0  0  1  1  0  0 
     2 | 0  1  1  1  1  0  1  1  0  1 
     3 | 1  1  0  1  1  0  1  0  1  0 
     4 | 1  0  0  0  1  1  1  0  1  0 
     5 | 1  1  0  0  1  0  0  0  0  0 
     6 | 0  1  1  1  1  0  1  1  1  1 
     7 | 0  0  0  1  0  0  1  0  0  1 
     8 | 0  1  0  1  1  1  1  1  1  1 
     9 | 0  1  0  0  0  0  0  1  1  0 
    10 | 0  0  1  0  1  0  1  0  1  1 


  Transitivity closure:

    Minimum: 1332

         1  2  3  4  5  6  7  8  9 10 
       ------------------------------
     1 | 1  1  0  1  0  0  1  0  1  1 
     2 | 0  1  1  0  1  1  0  0  1  1 
     3 | 1  0  1  1  1  1  1  0  0  1 
     4 | 0  1  0  1  1  1  1  0  0  0 
     5 | 1  0  0  0  0  0  0  1  1  0 
     6 | 1  1  0  1  0  1  0  1  0  0 
     7 | 1  1  0  0  0  0  0  0  0  1 
     8 | 0  1  0  0  1  0  1  0  0  1 
     9 | 0  1  1  1  0  0  0  1  0  1 
    10 | 0  1  0  1  1  1  1  0  0  1 

    Maximum: 2192

         1  2  3  4  5  6  7  8  9 10 
       ------------------------------
     1 | 0  0  0  0  0  0  1  1  0  0 
     2 | 0  1  1  1  1  0  1  1  0  1 
     3 | 1  1  0  1  1  0  1  0  1  0 
     4 | 1  0  0  0  1  1  1  0  1  0 
     5 | 1  1  0  0  1  0  0  0  0  0 
     6 | 0  1  1  1  1  0  1  1  1  1 
     7 | 0  0  0  1  0  0  1  0  0  1 
     8 | 0  1  0  1  1  1  1  1  1  1 
     9 | 0  1  0  0  0  0  0  1  1  0 
    10 | 0  0  1  0  1  0  1  0  1  1 


  Transitivity closure improved:

    Minimum: 582

         1  2  3  4  5  6  7  8  9 10 
       ------------------------------
     1 | 1  1  0  1  0  0  1  0  1  1 
     2 | 0  1  1  0  1  1  0  0  1  1 
     3 | 1  0  1  1  1  1  1  0  0  1 
     4 | 0  1  0  1  1  1  1  0  0  0 
     5 | 1  0  0  0  0  0  0  1  1  0 
     6 | 1  1  0  1  0  1  0  1  0  0 
     7 | 1  1  0  0  0  0  0  0  0  1 
     8 | 0  1  0  0  1  0  1  0  0  1 
     9 | 0  1  1  1  0  0  0  1  0  1 
    10 | 0  1  0  1  1  1  1  0  0  1 

    Maximum: 942

         1  2  3  4  5  6  7  8  9 10 
       ------------------------------
     1 | 0  0  0  0  0  0  1  1  0  0 
     2 | 0  1  1  1  1  0  1  1  0  1 
     3 | 1  1  0  1  1  0  1  0  1  0 
     4 | 1  0  0  0  1  1  1  0  1  0 
     5 | 1  1  0  0  1  0  0  0  0  0 
     6 | 0  1  1  1  1  0  1  1  1  1 
     7 | 0  0  0  1  0  0  1  0  0  1 
     8 | 0  1  0  1  1  1  1  1  1  1 
     9 | 0  1  0  0  0  0  0  1  1  0 
    10 | 0  0  1  0  1  0  1  0  1  1 


  Transitivity closure by Warshall:

    Minimum: 1000

         1  2  3  4  5  6  7  8  9 10 
       ------------------------------
     1 | 0  1  0  1  0  1  0  1  0  0 
     2 | 0  1  0  0  1  1  0  0  0  1 
     3 | 1  0  0  1  1  1  0  1  1  0 
     4 | 1  0  1  1  1  0  1  1  0  1 
     5 | 0  1  1  0  0  0  1  0  1  1 
     6 | 0  0  1  0  1  0  1  1  0  0 
     7 | 0  0  0  0  0  0  0  1  1  1 
     8 | 1  0  1  1  0  1  0  1  1  0 
     9 | 1  0  1  1  0  1  1  1  0  0 
    10 | 1  1  0  0  1  0  1  0  0  1 

    Maximum: 1000

         1  2  3  4  5  6  7  8  9 10 
       ------------------------------
     1 | 0  1  0  1  0  1  0  1  0  0 
     2 | 0  1  0  0  1  1  0  0  0  1 
     3 | 1  0  0  1  1  1  0  1  1  0 
     4 | 1  0  1  1  1  0  1  1  0  1 
     5 | 0  1  1  0  0  0  1  0  1  1 
     6 | 0  0  1  0  1  0  1  1  0  0 
     7 | 0  0  0  0  0  0  0  1  1  1 
     8 | 1  0  1  1  0  1  0  1  1  0 
     9 | 1  0  1  1  0  1  1  1  0  0 
    10 | 1  1  0  0  1  0  1  0  0  1 


  Transitivity closure improved by Warshall:

    Minimum: 766

         1  2  3  4  5  6  7  8  9 10 
       ------------------------------
     1 | 1  0  0  0  1  0  1  0  1  1 
     2 | 0  1  0  1  0  0  0  1  1  0 
     3 | 1  1  1  1  0  1  1  1  1  0 
     4 | 1  0  0  0  1  0  0  1  1  1 
     5 | 1  0  0  0  1  0  1  1  0  0 
     6 | 1  0  1  0  0  0  1  1  0  1 
     7 | 0  0  1  0  1  1  1  1  0  0 
     8 | 0  0  0  0  0  1  0  1  0  0 
     9 | 1  1  1  0  1  1  1  1  0  1 
    10 | 0  0  0  1  1  1  0  0  0  1 

    Maximum: 955

         1  2  3  4  5  6  7  8  9 10 
       ------------------------------
     1 | 1  1  0  1  0  0  1  0  1  1 
     2 | 0  1  1  0  1  1  0  0  1  1 
     3 | 1  0  1  1  1  1  1  0  0  1 
     4 | 0  1  0  1  1  1  1  0  0  0 
     5 | 1  0  0  0  0  0  0  1  1  0 
     6 | 1  1  0  1  0  1  0  1  0  0 
     7 | 1  1  0  0  0  0  0  0  0  1 
     8 | 0  1  0  0  1  0  1  0  0  1 
     9 | 0  1  1  1  0  0  0  1  0  1 
    10 | 0  1  0  1  1  1  1  0  0  1 

  Number of pairs: 66

  Slow transitivity closure:

    Minimum: 268

         1  2  3  4  5  6  7  8  9 10 
       ------------------------------
     1 | 1  1  0  0  1  1  1  1  1  1 
     2 | 1  1  0  0  1  1  1  1  1  1 
     3 | 0  1  1  1  0  0  1  1  1  1 
     4 | 1  1  1  0  1  0  0  1  0  0 
     5 | 1  1  1  0  0  0  1  1  0  1 
     6 | 1  1  1  0  1  0  1  0  0  0 
     7 | 0  1  1  1  0  0  1  1  0  1 
     8 | 1  1  1  1  0  1  1  0  0  0 
     9 | 1  1  1  0  1  0  1  1  1  1 
    10 | 1  1  1  0  1  0  1  1  1  0 

    Maximum: 530

         1  2  3  4  5  6  7  8  9 10 
       ------------------------------
     1 | 0  1  1  1  0  0  0  0  0  0 
     2 | 0  0  1  1  1  0  1  1  1  0 
     3 | 0  1  1  1  1  0  1  1  0  0 
     4 | 1  1  1  1  1  0  1  0  1  0 
     5 | 0  1  0  1  1  0  1  1  1  1 
     6 | 1  1  1  1  1  1  1  0  1  1 
     7 | 0  1  0  1  1  1  1  1  0  0 
     8 | 0  1  0  1  0  1  1  0  1  0 
     9 | 1  1  1  0  1  1  1  1  1  1 
    10 | 1  1  0  1  1  1  1  0  1  1 


  Transitivity closure:

    Minimum: 1008

         1  2  3  4  5  6  7  8  9 10 
       ------------------------------
     1 | 1  1  0  0  1  1  1  1  1  1 
     2 | 1  1  0  0  1  1  1  1  1  1 
     3 | 0  1  1  1  0  0  1  1  1  1 
     4 | 1  1  1  0  1  0  0  1  0  0 
     5 | 1  1  1  0  0  0  1  1  0  1 
     6 | 1  1  1  0  1  0  1  0  0  0 
     7 | 0  1  1  1  0  0  1  1  0  1 
     8 | 1  1  1  1  0  1  1  0  0  0 
     9 | 1  1  1  0  1  0  1  1  1  1 
    10 | 1  1  1  0  1  0  1  1  1  0 

    Maximum: 1589

         1  2  3  4  5  6  7  8  9 10 
       ------------------------------
     1 | 1  0  0  1  1  0  1  0  1  1 
     2 | 1  1  1  0  1  1  1  1  0  1 
     3 | 0  0  1  0  1  0  1  0  1  1 
     4 | 0  1  1  1  1  1  1  1  0  1 
     5 | 1  1  1  1  1  1  1  0  1  1 
     6 | 1  0  1  0  0  0  1  1  1  1 
     7 | 0  1  1  0  1  0  1  1  1  1 
     8 | 0  0  0  0  1  1  1  1  1  0 
     9 | 1  1  0  1  1  1  0  1  0  0 
    10 | 0  1  1  0  1  0  0  1  1  1 


  Transitivity closure improved:

    Minimum: 288

         1  2  3  4  5  6  7  8  9 10 
       ------------------------------
     1 | 1  1  0  0  1  1  1  1  1  1 
     2 | 1  1  0  0  1  1  1  1  1  1 
     3 | 0  1  1  1  0  0  1  1  1  1 
     4 | 1  1  1  0  1  0  0  1  0  0 
     5 | 1  1  1  0  0  0  1  1  0  1 
     6 | 1  1  1  0  1  0  1  0  0  0 
     7 | 0  1  1  1  0  0  1  1  0  1 
     8 | 1  1  1  1  0  1  1  0  0  0 
     9 | 1  1  1  0  1  0  1  1  1  1 
    10 | 1  1  1  0  1  0  1  1  1  0 

    Maximum: 658

         1  2  3  4  5  6  7  8  9 10 
       ------------------------------
     1 | 0  1  1  1  0  0  0  0  0  0 
     2 | 0  0  1  1  1  0  1  1  1  0 
     3 | 0  1  1  1  1  0  1  1  0  0 
     4 | 1  1  1  1  1  0  1  0  1  0 
     5 | 0  1  0  1  1  0  1  1  1  1 
     6 | 1  1  1  1  1  1  1  0  1  1 
     7 | 0  1  0  1  1  1  1  1  0  0 
     8 | 0  1  0  1  0  1  1  0  1  0 
     9 | 1  1  1  0  1  1  1  1  1  1 
    10 | 1  1  0  1  1  1  1  0  1  1 


  Transitivity closure by Warshall:

    Minimum: 1000

         1  2  3  4  5  6  7  8  9 10 
       ------------------------------
     1 | 1  1  1  0  0  1  0  1  1  1 
     2 | 1  0  1  1  1  0  1  0  1  0 
     3 | 0  0  0  0  1  0  0  1  1  0 
     4 | 1  0  0  1  0  0  1  0  1  1 
     5 | 1  1  1  0  1  1  0  1  1  1 
     6 | 0  1  1  1  0  1  0  1  1  1 
     7 | 1  1  0  1  0  1  0  1  1  1 
     8 | 1  1  0  1  1  0  1  0  1  0 
     9 | 1  1  1  1  1  1  1  0  1  1 
    10 | 1  0  1  1  1  1  1  1  1  0 

    Maximum: 1000

         1  2  3  4  5  6  7  8  9 10 
       ------------------------------
     1 | 1  1  1  0  0  1  0  1  1  1 
     2 | 1  0  1  1  1  0  1  0  1  0 
     3 | 0  0  0  0  1  0  0  1  1  0 
     4 | 1  0  0  1  0  0  1  0  1  1 
     5 | 1  1  1  0  1  1  0  1  1  1 
     6 | 0  1  1  1  0  1  0  1  1  1 
     7 | 1  1  0  1  0  1  0  1  1  1 
     8 | 1  1  0  1  1  0  1  0  1  0 
     9 | 1  1  1  1  1  1  1  0  1  1 
    10 | 1  0  1  1  1  1  1  1  1  0 


  Transitivity closure improved by Warshall:

    Minimum: 883

         1  2  3  4  5  6  7  8  9 10 
       ------------------------------
     1 | 1  0  0  1  1  0  1  0  1  1 
     2 | 1  1  1  0  1  1  1  1  0  1 
     3 | 0  0  1  0  1  0  1  0  1  1 
     4 | 0  1  1  1  1  1  1  1  0  1 
     5 | 1  1  1  1  1  1  1  0  1  1 
     6 | 1  0  1  0  0  0  1  1  1  1 
     7 | 0  1  1  0  1  0  1  1  1  1 
     8 | 0  0  0  0  1  1  1  1  1  0 
     9 | 1  1  0  1  1  1  0  1  0  0 
    10 | 0  1  1  0  1  0  0  1  1  1 

    Maximum: 973

         1  2  3  4  5  6  7  8  9 10 
       ------------------------------
     1 | 1  1  1  0  0  1  0  1  0  0 
     2 | 1  1  0  1  1  1  1  1  0  0 
     3 | 1  0  1  1  0  0  1  1  0  1 
     4 | 0  1  1  0  0  1  1  1  0  1 
     5 | 1  0  1  1  1  1  1  1  0  1 
     6 | 1  1  1  1  1  1  0  1  1  0 
     7 | 0  1  1  0  0  0  1  0  1  1 
     8 | 0  1  1  1  1  0  0  1  0  0 
     9 | 1  1  1  1  1  0  0  1  1  1 
    10 | 1  1  1  1  1  1  0  1  1  0 

  Number of pairs: 100

  Slow transitivity closure:

    Minimum: 100

         1  2  3  4  5  6  7  8  9 10 
       ------------------------------
     1 | 1  1  1  1  1  1  1  1  1  1 
     2 | 1  1  1  1  1  1  1  1  1  1 
     3 | 1  1  1  1  1  1  1  1  1  1 
     4 | 1  1  1  1  1  1  1  1  1  1 
     5 | 1  1  1  1  1  1  1  1  1  1 
     6 | 1  1  1  1  1  1  1  1  1  1 
     7 | 1  1  1  1  1  1  1  1  1  1 
     8 | 1  1  1  1  1  1  1  1  1  1 
     9 | 1  1  1  1  1  1  1  1  1  1 
    10 | 1  1  1  1  1  1  1  1  1  1 

    Maximum: 100

         1  2  3  4  5  6  7  8  9 10 
       ------------------------------
     1 | 1  1  1  1  1  1  1  1  1  1 
     2 | 1  1  1  1  1  1  1  1  1  1 
     3 | 1  1  1  1  1  1  1  1  1  1 
     4 | 1  1  1  1  1  1  1  1  1  1 
     5 | 1  1  1  1  1  1  1  1  1  1 
     6 | 1  1  1  1  1  1  1  1  1  1 
     7 | 1  1  1  1  1  1  1  1  1  1 
     8 | 1  1  1  1  1  1  1  1  1  1 
     9 | 1  1  1  1  1  1  1  1  1  1 
    10 | 1  1  1  1  1  1  1  1  1  1 


  Transitivity closure:

    Minimum: 800

         1  2  3  4  5  6  7  8  9 10 
       ------------------------------
     1 | 1  1  1  1  1  1  1  1  1  1 
     2 | 1  1  1  1  1  1  1  1  1  1 
     3 | 1  1  1  1  1  1  1  1  1  1 
     4 | 1  1  1  1  1  1  1  1  1  1 
     5 | 1  1  1  1  1  1  1  1  1  1 
     6 | 1  1  1  1  1  1  1  1  1  1 
     7 | 1  1  1  1  1  1  1  1  1  1 
     8 | 1  1  1  1  1  1  1  1  1  1 
     9 | 1  1  1  1  1  1  1  1  1  1 
    10 | 1  1  1  1  1  1  1  1  1  1 

    Maximum: 800

         1  2  3  4  5  6  7  8  9 10 
       ------------------------------
     1 | 1  1  1  1  1  1  1  1  1  1 
     2 | 1  1  1  1  1  1  1  1  1  1 
     3 | 1  1  1  1  1  1  1  1  1  1 
     4 | 1  1  1  1  1  1  1  1  1  1 
     5 | 1  1  1  1  1  1  1  1  1  1 
     6 | 1  1  1  1  1  1  1  1  1  1 
     7 | 1  1  1  1  1  1  1  1  1  1 
     8 | 1  1  1  1  1  1  1  1  1  1 
     9 | 1  1  1  1  1  1  1  1  1  1 
    10 | 1  1  1  1  1  1  1  1  1  1 


  Transitivity closure improved:

    Minimum: 100

         1  2  3  4  5  6  7  8  9 10 
       ------------------------------
     1 | 1  1  1  1  1  1  1  1  1  1 
     2 | 1  1  1  1  1  1  1  1  1  1 
     3 | 1  1  1  1  1  1  1  1  1  1 
     4 | 1  1  1  1  1  1  1  1  1  1 
     5 | 1  1  1  1  1  1  1  1  1  1 
     6 | 1  1  1  1  1  1  1  1  1  1 
     7 | 1  1  1  1  1  1  1  1  1  1 
     8 | 1  1  1  1  1  1  1  1  1  1 
     9 | 1  1  1  1  1  1  1  1  1  1 
    10 | 1  1  1  1  1  1  1  1  1  1 

    Maximum: 100

         1  2  3  4  5  6  7  8  9 10 
       ------------------------------
     1 | 1  1  1  1  1  1  1  1  1  1 
     2 | 1  1  1  1  1  1  1  1  1  1 
     3 | 1  1  1  1  1  1  1  1  1  1 
     4 | 1  1  1  1  1  1  1  1  1  1 
     5 | 1  1  1  1  1  1  1  1  1  1 
     6 | 1  1  1  1  1  1  1  1  1  1 
     7 | 1  1  1  1  1  1  1  1  1  1 
     8 | 1  1  1  1  1  1  1  1  1  1 
     9 | 1  1  1  1  1  1  1  1  1  1 
    10 | 1  1  1  1  1  1  1  1  1  1 


  Transitivity closure by Warshall:

    Minimum: 1000

         1  2  3  4  5  6  7  8  9 10 
       ------------------------------
     1 | 1  1  1  1  1  1  1  1  1  1 
     2 | 1  1  1  1  1  1  1  1  1  1 
     3 | 1  1  1  1  1  1  1  1  1  1 
     4 | 1  1  1  1  1  1  1  1  1  1 
     5 | 1  1  1  1  1  1  1  1  1  1 
     6 | 1  1  1  1  1  1  1  1  1  1 
     7 | 1  1  1  1  1  1  1  1  1  1 
     8 | 1  1  1  1  1  1  1  1  1  1 
     9 | 1  1  1  1  1  1  1  1  1  1 
    10 | 1  1  1  1  1  1  1  1  1  1 

    Maximum: 1000

         1  2  3  4  5  6  7  8  9 10 
       ------------------------------
     1 | 1  1  1  1  1  1  1  1  1  1 
     2 | 1  1  1  1  1  1  1  1  1  1 
     3 | 1  1  1  1  1  1  1  1  1  1 
     4 | 1  1  1  1  1  1  1  1  1  1 
     5 | 1  1  1  1  1  1  1  1  1  1 
     6 | 1  1  1  1  1  1  1  1  1  1 
     7 | 1  1  1  1  1  1  1  1  1  1 
     8 | 1  1  1  1  1  1  1  1  1  1 
     9 | 1  1  1  1  1  1  1  1  1  1 
    10 | 1  1  1  1  1  1  1  1  1  1 


  Transitivity closure improved by Warshall:

    Minimum: 1000

         1  2  3  4  5  6  7  8  9 10 
       ------------------------------
     1 | 1  1  1  1  1  1  1  1  1  1 
     2 | 1  1  1  1  1  1  1  1  1  1 
     3 | 1  1  1  1  1  1  1  1  1  1 
     4 | 1  1  1  1  1  1  1  1  1  1 
     5 | 1  1  1  1  1  1  1  1  1  1 
     6 | 1  1  1  1  1  1  1  1  1  1 
     7 | 1  1  1  1  1  1  1  1  1  1 
     8 | 1  1  1  1  1  1  1  1  1  1 
     9 | 1  1  1  1  1  1  1  1  1  1 
    10 | 1  1  1  1  1  1  1  1  1  1 

    Maximum: 1000

         1  2  3  4  5  6  7  8  9 10 
       ------------------------------
     1 | 1  1  1  1  1  1  1  1  1  1 
     2 | 1  1  1  1  1  1  1  1  1  1 
     3 | 1  1  1  1  1  1  1  1  1  1 
     4 | 1  1  1  1  1  1  1  1  1  1 
     5 | 1  1  1  1  1  1  1  1  1  1 
     6 | 1  1  1  1  1  1  1  1  1  1 
     7 | 1  1  1  1  1  1  1  1  1  1 
     8 | 1  1  1  1  1  1  1  1  1  1 
     9 | 1  1  1  1  1  1  1  1  1  1 
    10 | 1  1  1  1  1  1  1  1  1  1 

