N = 15

  Number of pairs: 1

  Slow transitivity closure:

    Minimum: 3367

         1  2  3  4  5  6  7  8  9 10 11 12 13 14 15 
       ---------------------------------------------
     1 | 0  0  0  0  0  0  0  0  0  0  0  0  0  0  0 
     2 | 0  0  0  0  0  0  0  0  0  0  0  0  0  0  0 
     3 | 0  0  0  0  0  0  0  0  0  0  0  0  0  0  0 
     4 | 0  0  0  0  0  0  0  0  0  0  0  0  0  0  0 
     5 | 0  0  0  0  0  0  0  0  0  0  0  0  0  0  0 
     6 | 0  0  0  0  0  0  0  0  0  0  0  0  0  0  0 
     7 | 0  0  0  0  0  0  1  0  0  0  0  0  0  0  0 
     8 | 0  0  0  0  0  0  0  0  0  0  0  0  0  0  0 
     9 | 0  0  0  0  0  0  0  0  0  0  0  0  0  0  0 
    10 | 0  0  0  0  0  0  0  0  0  0  0  0  0  0  0 
    11 | 0  0  0  0  0  0  0  0  0  0  0  0  0  0  0 
    12 | 0  0  0  0  0  0  0  0  0  0  0  0  0  0  0 
    13 | 0  0  0  0  0  0  0  0  0  0  0  0  0  0  0 
    14 | 0  0  0  0  0  0  0  0  0  0  0  0  0  0  0 
    15 | 0  0  0  0  0  0  0  0  0  0  0  0  0  0  0 

    Maximum: 3375

         1  2  3  4  5  6  7  8  9 10 11 12 13 14 15 
       ---------------------------------------------
     1 | 0  0  0  0  0  0  0  0  0  0  0  0  0  0  0 
     2 | 0  0  0  0  0  0  0  0  0  0  0  0  0  0  0 
     3 | 0  0  0  0  0  0  0  0  0  0  0  0  0  0  0 
     4 | 0  0  0  0  0  0  0  0  0  0  0  0  0  0  0 
     5 | 0  0  0  0  0  0  0  0  0  0  0  0  0  0  0 
     6 | 0  0  0  0  0  0  0  0  0  0  0  0  0  0  0 
     7 | 0  0  0  0  0  0  0  0  0  0  0  1  0  0  0 
     8 | 0  0  0  0  0  0  0  0  0  0  0  0  0  0  0 
     9 | 0  0  0  0  0  0  0  0  0  0  0  0  0  0  0 
    10 | 0  0  0  0  0  0  0  0  0  0  0  0  0  0  0 
    11 | 0  0  0  0  0  0  0  0  0  0  0  0  0  0  0 
    12 | 0  0  0  0  0  0  0  0  0  0  0  0  0  0  0 
    13 | 0  0  0  0  0  0  0  0  0  0  0  0  0  0  0 
    14 | 0  0  0  0  0  0  0  0  0  0  0  0  0  0  0 
    15 | 0  0  0  0  0  0  0  0  0  0  0  0  0  0  0 


  Transitivity closure:

    Minimum: 43771

         1  2  3  4  5  6  7  8  9 10 11 12 13 14 15 
       ---------------------------------------------
     1 | 0  0  0  0  0  0  0  0  0  0  0  0  0  0  0 
     2 | 0  0  0  0  0  0  0  0  0  0  0  0  0  0  0 
     3 | 0  0  0  0  0  0  0  0  0  0  0  0  0  0  0 
     4 | 0  0  0  0  0  0  0  0  0  0  0  0  0  0  0 
     5 | 0  0  0  0  0  0  0  0  0  0  0  0  0  0  0 
     6 | 0  0  0  0  0  0  0  0  0  0  0  0  0  0  0 
     7 | 0  0  0  0  0  0  1  0  0  0  0  0  0  0  0 
     8 | 0  0  0  0  0  0  0  0  0  0  0  0  0  0  0 
     9 | 0  0  0  0  0  0  0  0  0  0  0  0  0  0  0 
    10 | 0  0  0  0  0  0  0  0  0  0  0  0  0  0  0 
    11 | 0  0  0  0  0  0  0  0  0  0  0  0  0  0  0 
    12 | 0  0  0  0  0  0  0  0  0  0  0  0  0  0  0 
    13 | 0  0  0  0  0  0  0  0  0  0  0  0  0  0  0 
    14 | 0  0  0  0  0  0  0  0  0  0  0  0  0  0  0 
    15 | 0  0  0  0  0  0  0  0  0  0  0  0  0  0  0 

    Maximum: 43875

         1  2  3  4  5  6  7  8  9 10 11 12 13 14 15 
       ---------------------------------------------
     1 | 0  0  0  0  0  0  0  0  0  0  0  0  0  0  0 
     2 | 0  0  0  0  0  0  0  0  0  0  0  0  0  0  0 
     3 | 0  0  0  0  0  0  0  0  0  0  0  0  0  0  0 
     4 | 0  0  0  0  0  0  0  0  0  0  0  0  0  0  0 
     5 | 0  0  0  0  0  0  0  0  0  0  0  0  0  0  0 
     6 | 0  0  0  0  0  0  0  0  0  0  0  0  0  0  0 
     7 | 0  0  0  0  0  0  0  0  0  0  0  1  0  0  0 
     8 | 0  0  0  0  0  0  0  0  0  0  0  0  0  0  0 
     9 | 0  0  0  0  0  0  0  0  0  0  0  0  0  0  0 
    10 | 0  0  0  0  0  0  0  0  0  0  0  0  0  0  0 
    11 | 0  0  0  0  0  0  0  0  0  0  0  0  0  0  0 
    12 | 0  0  0  0  0  0  0  0  0  0  0  0  0  0  0 
    13 | 0  0  0  0  0  0  0  0  0  0  0  0  0  0  0 
    14 | 0  0  0  0  0  0  0  0  0  0  0  0  0  0  0 
    15 | 0  0  0  0  0  0  0  0  0  0  0  0  0  0  0 


  Transitivity closure improved:

    Minimum: 3367

         1  2  3  4  5  6  7  8  9 10 11 12 13 14 15 
       ---------------------------------------------
     1 | 0  0  0  0  0  0  0  0  0  0  0  0  0  0  0 
     2 | 0  0  0  0  0  0  0  0  0  0  0  0  0  0  0 
     3 | 0  0  0  0  0  0  0  0  0  0  0  0  0  0  0 
     4 | 0  0  0  0  0  0  0  0  0  0  0  0  0  0  0 
     5 | 0  0  0  0  0  0  0  0  0  0  0  0  0  0  0 
     6 | 0  0  0  0  0  0  0  0  0  0  0  0  0  0  0 
     7 | 0  0  0  0  0  0  1  0  0  0  0  0  0  0  0 
     8 | 0  0  0  0  0  0  0  0  0  0  0  0  0  0  0 
     9 | 0  0  0  0  0  0  0  0  0  0  0  0  0  0  0 
    10 | 0  0  0  0  0  0  0  0  0  0  0  0  0  0  0 
    11 | 0  0  0  0  0  0  0  0  0  0  0  0  0  0  0 
    12 | 0  0  0  0  0  0  0  0  0  0  0  0  0  0  0 
    13 | 0  0  0  0  0  0  0  0  0  0  0  0  0  0  0 
    14 | 0  0  0  0  0  0  0  0  0  0  0  0  0  0  0 
    15 | 0  0  0  0  0  0  0  0  0  0  0  0  0  0  0 

    Maximum: 3375

         1  2  3  4  5  6  7  8  9 10 11 12 13 14 15 
       ---------------------------------------------
     1 | 0  0  0  0  0  0  0  0  0  0  0  0  0  0  0 
     2 | 0  0  0  0  0  0  0  0  0  0  0  0  0  0  0 
     3 | 0  0  0  0  0  0  0  0  0  0  0  0  0  0  0 
     4 | 0  0  0  0  0  0  0  0  0  0  0  0  0  0  0 
     5 | 0  0  0  0  0  0  0  0  0  0  0  0  0  0  0 
     6 | 0  0  0  0  0  0  0  0  0  0  0  0  0  0  0 
     7 | 0  0  0  0  0  0  0  0  0  0  0  1  0  0  0 
     8 | 0  0  0  0  0  0  0  0  0  0  0  0  0  0  0 
     9 | 0  0  0  0  0  0  0  0  0  0  0  0  0  0  0 
    10 | 0  0  0  0  0  0  0  0  0  0  0  0  0  0  0 
    11 | 0  0  0  0  0  0  0  0  0  0  0  0  0  0  0 
    12 | 0  0  0  0  0  0  0  0  0  0  0  0  0  0  0 
    13 | 0  0  0  0  0  0  0  0  0  0  0  0  0  0  0 
    14 | 0  0  0  0  0  0  0  0  0  0  0  0  0  0  0 
    15 | 0  0  0  0  0  0  0  0  0  0  0  0  0  0  0 


  Transitivity closure by Warshall:

    Minimum: 3375

         1  2  3  4  5  6  7  8  9 10 11 12 13 14 15 
       ---------------------------------------------
     1 | 0  0  0  0  0  0  0  0  0  0  0  0  0  0  0 
     2 | 0  0  0  0  0  0  0  0  0  0  0  0  0  0  0 
     3 | 0  0  0  0  0  0  0  0  0  0  0  0  0  0  0 
     4 | 0  0  0  0  0  0  0  0  0  0  0  0  0  0  0 
     5 | 0  0  0  0  0  0  0  0  0  0  0  0  0  0  0 
     6 | 0  0  0  0  0  0  0  0  0  0  0  0  0  0  0 
     7 | 0  0  0  0  0  0  0  0  0  0  0  1  0  0  0 
     8 | 0  0  0  0  0  0  0  0  0  0  0  0  0  0  0 
     9 | 0  0  0  0  0  0  0  0  0  0  0  0  0  0  0 
    10 | 0  0  0  0  0  0  0  0  0  0  0  0  0  0  0 
    11 | 0  0  0  0  0  0  0  0  0  0  0  0  0  0  0 
    12 | 0  0  0  0  0  0  0  0  0  0  0  0  0  0  0 
    13 | 0  0  0  0  0  0  0  0  0  0  0  0  0  0  0 
    14 | 0  0  0  0  0  0  0  0  0  0  0  0  0  0  0 
    15 | 0  0  0  0  0  0  0  0  0  0  0  0  0  0  0 

    Maximum: 3375

         1  2  3  4  5  6  7  8  9 10 11 12 13 14 15 
       ---------------------------------------------
     1 | 0  0  0  0  0  0  0  0  0  0  0  0  0  0  0 
     2 | 0  0  0  0  0  0  0  0  0  0  0  0  0  0  0 
     3 | 0  0  0  0  0  0  0  0  0  0  0  0  0  0  0 
     4 | 0  0  0  0  0  0  0  0  0  0  0  0  0  0  0 
     5 | 0  0  0  0  0  0  0  0  0  0  0  0  0  0  0 
     6 | 0  0  0  0  0  0  0  0  0  0  0  0  0  0  0 
     7 | 0  0  0  0  0  0  0  0  0  0  0  1  0  0  0 
     8 | 0  0  0  0  0  0  0  0  0  0  0  0  0  0  0 
     9 | 0  0  0  0  0  0  0  0  0  0  0  0  0  0  0 
    10 | 0  0  0  0  0  0  0  0  0  0  0  0  0  0  0 
    11 | 0  0  0  0  0  0  0  0  0  0  0  0  0  0  0 
    12 | 0  0  0  0  0  0  0  0  0  0  0  0  0  0  0 
    13 | 0  0  0  0  0  0  0  0  0  0  0  0  0  0  0 
    14 | 0  0  0  0  0  0  0  0  0  0  0  0  0  0  0 
    15 | 0  0  0  0  0  0  0  0  0  0  0  0  0  0  0 


  Transitivity closure improved by Warshall:

    Minimum: 239

         1  2  3  4  5  6  7  8  9 10 11 12 13 14 15 
       ---------------------------------------------
     1 | 0  0  0  0  0  0  0  0  0  0  0  0  0  0  0 
     2 | 0  0  0  0  0  0  0  0  0  0  0  0  0  0  0 
     3 | 0  0  0  0  0  0  0  0  0  0  0  0  0  0  0 
     4 | 0  0  0  0  0  0  0  0  0  0  0  0  0  0  0 
     5 | 0  0  0  0  0  0  0  0  0  0  0  0  0  0  0 
     6 | 0  0  0  0  0  0  0  0  0  0  0  0  0  0  0 
     7 | 0  0  0  0  0  0  0  0  0  0  0  1  0  0  0 
     8 | 0  0  0  0  0  0  0  0  0  0  0  0  0  0  0 
     9 | 0  0  0  0  0  0  0  0  0  0  0  0  0  0  0 
    10 | 0  0  0  0  0  0  0  0  0  0  0  0  0  0  0 
    11 | 0  0  0  0  0  0  0  0  0  0  0  0  0  0  0 
    12 | 0  0  0  0  0  0  0  0  0  0  0  0  0  0  0 
    13 | 0  0  0  0  0  0  0  0  0  0  0  0  0  0  0 
    14 | 0  0  0  0  0  0  0  0  0  0  0  0  0  0  0 
    15 | 0  0  0  0  0  0  0  0  0  0  0  0  0  0  0 

    Maximum: 239

         1  2  3  4  5  6  7  8  9 10 11 12 13 14 15 
       ---------------------------------------------
     1 | 0  0  0  0  0  0  0  0  0  0  0  0  0  0  0 
     2 | 0  0  0  0  0  0  0  0  0  0  0  0  0  0  0 
     3 | 0  0  0  0  0  0  0  0  0  0  0  0  0  0  0 
     4 | 0  0  0  0  0  0  0  0  0  0  0  0  0  0  0 
     5 | 0  0  0  0  0  0  0  0  0  0  0  0  0  0  0 
     6 | 0  0  0  0  0  0  0  0  0  0  0  0  0  0  0 
     7 | 0  0  0  0  0  0  0  0  0  0  0  1  0  0  0 
     8 | 0  0  0  0  0  0  0  0  0  0  0  0  0  0  0 
     9 | 0  0  0  0  0  0  0  0  0  0  0  0  0  0  0 
    10 | 0  0  0  0  0  0  0  0  0  0  0  0  0  0  0 
    11 | 0  0  0  0  0  0  0  0  0  0  0  0  0  0  0 
    12 | 0  0  0  0  0  0  0  0  0  0  0  0  0  0  0 
    13 | 0  0  0  0  0  0  0  0  0  0  0  0  0  0  0 
    14 | 0  0  0  0  0  0  0  0  0  0  0  0  0  0  0 
    15 | 0  0  0  0  0  0  0  0  0  0  0  0  0  0  0 

  Number of pairs: 56

  Slow transitivity closure:

    Minimum: 2659

         1  2  3  4  5  6  7  8  9 10 11 12 13 14 15 
       ---------------------------------------------
     1 | 0  1  1  0  0  0  1  0  0  0  0  0  0  0  0 
     2 | 0  0  0  0  0  0  0  1  0  1  0  0  0  0  0 
     3 | 0  1  0  0  0  0  0  1  1  1  0  0  0  0  0 
     4 | 1  0  0  1  1  0  0  0  0  1  0  0  0  1  0 
     5 | 0  0  0  0  0  1  0  0  0  0  0  0  0  0  0 
     6 | 1  1  0  1  0  0  1  0  0  0  0  0  1  1  1 
     7 | 1  0  0  0  0  0  0  0  0  1  0  0  0  1  1 
     8 | 1  0  0  1  1  0  0  0  1  1  1  1  0  0  0 
     9 | 0  0  0  0  0  0  0  0  1  1  0  0  1  1  0 
    10 | 1  0  0  0  0  1  1  0  0  0  0  0  0  0  0 
    11 | 1  0  0  1  1  0  0  0  0  0  0  0  0  0  0 
    12 | 0  0  0  1  0  1  0  0  0  0  0  0  0  0  0 
    13 | 1  0  1  0  0  1  1  0  0  1  0  0  0  0  0 
    14 | 0  0  0  0  1  0  0  1  0  0  0  0  0  0  1 
    15 | 0  0  1  0  1  0  0  1  0  0  0  0  0  0  0 

    Maximum: 5369

         1  2  3  4  5  6  7  8  9 10 11 12 13 14 15 
       ---------------------------------------------
     1 | 0  0  0  0  0  0  0  0  0  0  0  0  0  0  0 
     2 | 1  0  0  0  1  1  0  0  0  0  0  0  0  0  0 
     3 | 0  0  0  0  0  0  1  1  0  1  0  0  0  1  0 
     4 | 1  0  1  0  0  1  0  0  1  0  0  0  0  0  0 
     5 | 0  1  1  0  0  0  1  0  0  0  0  0  0  0  0 
     6 | 0  0  0  0  0  0  0  0  0  0  0  0  0  0  0 
     7 | 1  1  0  0  1  0  0  0  0  0  0  1  1  0  0 
     8 | 0  0  0  0  0  1  0  0  0  0  1  0  0  0  0 
     9 | 0  0  0  0  0  0  1  0  0  0  0  0  0  1  0 
    10 | 0  0  0  0  0  1  1  0  0  0  0  0  0  1  0 
    11 | 0  0  1  0  0  1  0  1  0  0  0  0  0  1  0 
    12 | 1  1  0  0  1  0  0  1  1  1  1  0  0  0  0 
    13 | 1  1  1  1  0  1  1  0  0  0  1  0  0  0  1 
    14 | 0  0  0  0  1  1  0  0  0  1  1  0  0  0  1 
    15 | 0  1  0  0  0  1  0  1  1  0  1  0  0  1  0 


  Transitivity closure:

    Minimum: 9762

         1  2  3  4  5  6  7  8  9 10 11 12 13 14 15 
       ---------------------------------------------
     1 | 0  1  0  0  0  0  0  0  0  0  0  0  0  0  1 
     2 | 0  0  0  0  1  0  1  0  0  0  0  0  0  1  0 
     3 | 0  0  1  0  0  0  0  0  0  0  0  0  1  1  1 
     4 | 0  1  0  0  1  0  0  0  0  0  0  1  0  0  0 
     5 | 1  0  0  0  0  0  0  0  0  0  0  1  0  1  0 
     6 | 0  0  0  0  0  0  1  1  0  1  0  0  0  0  0 
     7 | 0  0  0  0  1  1  0  0  0  1  0  1  0  0  0 
     8 | 0  0  1  0  1  0  0  0  0  0  0  0  0  0  0 
     9 | 0  1  0  0  0  1  0  0  1  0  0  0  0  1  0 
    10 | 1  0  0  0  0  0  0  0  1  0  1  0  0  0  0 
    11 | 1  0  0  0  0  0  0  0  0  0  1  0  0  0  0 
    12 | 0  1  1  0  0  1  0  0  1  1  0  0  0  0  0 
    13 | 1  1  0  1  0  1  0  1  0  0  0  1  0  1  0 
    14 | 1  1  0  0  1  0  0  1  0  0  1  0  0  1  0 
    15 | 1  1  1  0  0  1  1  0  0  0  0  0  0  0  0 

    Maximum: 20083

         1  2  3  4  5  6  7  8  9 10 11 12 13 14 15 
       ---------------------------------------------
     1 | 1  1  0  0  1  0  1  0  1  0  0  1  0  0  0 
     2 | 0  1  0  1  0  0  0  1  1  1  1  1  0  0  1 
     3 | 0  0  1  1  0  0  0  1  0  1  1  1  0  0  0 
     4 | 0  0  1  1  0  0  1  0  1  0  0  1  0  0  0 
     5 | 0  0  0  0  0  0  1  0  0  0  0  1  1  0  0 
     6 | 0  0  1  0  0  0  0  1  0  1  0  0  1  0  0 
     7 | 0  0  0  0  0  0  0  0  0  0  0  0  0  0  0 
     8 | 0  0  0  0  0  0  0  1  0  0  0  0  0  1  0 
     9 | 0  0  0  0  0  0  0  0  0  1  0  0  0  1  0 
    10 | 1  0  0  0  0  1  0  0  0  0  1  0  0  0  0 
    11 | 0  0  1  0  1  0  0  1  0  1  0  0  0  0  0 
    12 | 0  0  0  0  0  0  0  0  0  0  0  0  0  1  1 
    13 | 0  0  0  0  0  0  0  0  0  0  0  1  0  0  0 
    14 | 0  0  0  0  0  0  0  0  1  0  0  1  1  1  0 
    15 | 1  1  0  1  0  0  0  0  0  0  1  0  1  1  0 


  Transitivity closure improved:

    Minimum: 4773

         1  2  3  4  5  6  7  8  9 10 11 12 13 14 15 
       ---------------------------------------------
     1 | 0  1  1  0  0  0  1  0  0  0  0  0  0  0  0 
     2 | 0  0  0  0  0  0  0  1  0  1  0  0  0  0  0 
     3 | 0  1  0  0  0  0  0  1  1  1  0  0  0  0  0 
     4 | 1  0  0  1  1  0  0  0  0  1  0  0  0  1  0 
     5 | 0  0  0  0  0  1  0  0  0  0  0  0  0  0  0 
     6 | 1  1  0  1  0  0  1  0  0  0  0  0  1  1  1 
     7 | 1  0  0  0  0  0  0  0  0  1  0  0  0  1  1 
     8 | 1  0  0  1  1  0  0  0  1  1  1  1  0  0  0 
     9 | 0  0  0  0  0  0  0  0  1  1  0  0  1  1  0 
    10 | 1  0  0  0  0  1  1  0  0  0  0  0  0  0  0 
    11 | 1  0  0  1  1  0  0  0  0  0  0  0  0  0  0 
    12 | 0  0  0  1  0  1  0  0  0  0  0  0  0  0  0 
    13 | 1  0  1  0  0  1  1  0  0  1  0  0  0  0  0 
    14 | 0  0  0  0  1  0  0  1  0  0  0  0  0  0  1 
    15 | 0  0  1  0  1  0  0  1  0  0  0  0  0  0  0 

    Maximum: 8897

         1  2  3  4  5  6  7  8  9 10 11 12 13 14 15 
       ---------------------------------------------
     1 | 1  0  1  1  1  0  0  1  0  0  0  0  0  0  0 
     2 | 1  0  1  0  1  1  0  0  1  0  0  0  0  0  0 
     3 | 0  0  1  0  0  0  1  0  0  1  1  0  1  0  0 
     4 | 0  0  0  1  0  1  0  0  0  1  0  0  0  0  0 
     5 | 1  0  0  0  1  1  1  0  0  0  0  0  1  0  0 
     6 | 0  0  1  0  0  0  1  0  1  1  1  0  1  0  0 
     7 | 0  0  0  0  0  0  0  0  0  0  0  0  0  1  1 
     8 | 0  0  0  0  0  0  0  0  0  0  0  0  1  0  0 
     9 | 0  1  0  0  0  0  0  0  0  1  0  0  0  0  0 
    10 | 0  0  0  0  0  0  0  1  0  0  0  0  0  1  0 
    11 | 0  0  1  0  0  0  0  1  0  1  1  0  0  0  1 
    12 | 1  0  1  0  0  1  0  0  0  1  0  0  0  0  0 
    13 | 0  0  0  0  0  0  0  1  0  1  0  0  0  0  1 
    14 | 1  0  1  0  0  0  0  0  0  0  1  0  0  0  0 
    15 | 0  0  0  0  1  0  0  1  0  0  1  0  1  0  1 


  Transitivity closure by Warshall:

    Minimum: 3375

         1  2  3  4  5  6  7  8  9 10 11 12 13 14 15 
       ---------------------------------------------
     1 | 0  1  1  0  0  1  0  0  1  0  0  0  0  0  0 
     2 | 1  0  0  1  0  0  0  0  0  0  1  0  0  0  0 
     3 | 0  0  0  0  0  0  1  1  0  0  0  0  0  0  0 
     4 | 0  0  1  0  0  0  1  1  0  0  0  1  0  0  1 
     5 | 0  0  0  0  0  0  0  0  0  1  0  0  0  0  0 
     6 | 0  0  1  0  0  0  0  1  0  1  0  1  0  0  1 
     7 | 0  1  0  1  0  1  0  0  0  0  0  1  1  0  0 
     8 | 0  0  1  1  0  0  1  0  0  1  0  0  1  0  0 
     9 | 1  0  1  0  0  0  0  1  0  0  0  0  0  0  1 
    10 | 1  0  1  0  0  0  0  0  0  0  0  0  0  0  1 
    11 | 0  0  0  0  0  0  0  0  0  0  0  1  0  0  0 
    12 | 0  1  1  1  0  0  1  1  1  1  0  1  0  0  1 
    13 | 1  0  0  0  0  0  0  0  1  0  0  0  0  1  0 
    14 | 0  0  0  0  0  0  0  0  0  0  0  0  0  0  1 
    15 | 0  0  1  0  0  0  1  1  1  0  0  0  1  0  0 

    Maximum: 3375

         1  2  3  4  5  6  7  8  9 10 11 12 13 14 15 
       ---------------------------------------------
     1 | 0  1  1  0  0  1  0  0  1  0  0  0  0  0  0 
     2 | 1  0  0  1  0  0  0  0  0  0  1  0  0  0  0 
     3 | 0  0  0  0  0  0  1  1  0  0  0  0  0  0  0 
     4 | 0  0  1  0  0  0  1  1  0  0  0  1  0  0  1 
     5 | 0  0  0  0  0  0  0  0  0  1  0  0  0  0  0 
     6 | 0  0  1  0  0  0  0  1  0  1  0  1  0  0  1 
     7 | 0  1  0  1  0  1  0  0  0  0  0  1  1  0  0 
     8 | 0  0  1  1  0  0  1  0  0  1  0  0  1  0  0 
     9 | 1  0  1  0  0  0  0  1  0  0  0  0  0  0  1 
    10 | 1  0  1  0  0  0  0  0  0  0  0  0  0  0  1 
    11 | 0  0  0  0  0  0  0  0  0  0  0  1  0  0  0 
    12 | 0  1  1  1  0  0  1  1  1  1  0  1  0  0  1 
    13 | 1  0  0  0  0  0  0  0  1  0  0  0  0  1  0 
    14 | 0  0  0  0  0  0  0  0  0  0  0  0  0  0  1 
    15 | 0  0  1  0  0  0  1  1  1  0  0  0  1  0  0 


  Transitivity closure improved by Warshall:

    Minimum: 1765

         1  2  3  4  5  6  7  8  9 10 11 12 13 14 15 
       ---------------------------------------------
     1 | 0  0  0  1  0  0  0  0  1  0  0  1  0  1  0 
     2 | 0  0  0  1  0  0  1  0  0  1  0  0  0  1  0 
     3 | 1  0  0  0  0  0  0  1  0  0  0  0  1  0  1 
     4 | 1  0  0  1  0  1  0  0  0  0  0  0  0  0  0 
     5 | 0  0  0  0  0  1  0  0  0  0  0  1  1  0  0 
     6 | 1  0  0  0  1  1  0  0  0  0  0  1  0  0  0 
     7 | 1  0  0  1  0  0  1  0  0  0  0  0  1  0  0 
     8 | 0  0  0  0  1  0  0  0  0  0  0  0  1  1  0 
     9 | 1  0  0  0  0  1  1  0  0  0  0  0  1  0  0 
    10 | 0  0  0  1  0  0  0  0  0  0  0  0  0  0  0 
    11 | 0  0  0  0  0  0  0  0  0  0  1  1  0  1  0 
    12 | 0  0  0  0  1  0  0  1  1  0  0  1  0  1  0 
    13 | 0  1  0  0  0  0  0  1  0  1  1  0  0  1  0 
    14 | 1  0  0  0  0  0  1  0  0  1  0  0  0  1  0 
    15 | 0  0  0  0  1  0  0  0  0  1  0  1  0  1  1 

    Maximum: 2759

         1  2  3  4  5  6  7  8  9 10 11 12 13 14 15 
       ---------------------------------------------
     1 | 0  0  1  1  0  0  0  1  0  0  0  0  0  0  0 
     2 | 0  1  0  0  0  1  1  1  0  0  0  0  1  0  0 
     3 | 0  1  0  0  1  0  0  0  0  1  1  0  0  1  0 
     4 | 0  0  1  0  0  0  0  0  0  0  1  0  0  0  1 
     5 | 0  1  1  0  0  0  0  1  1  0  0  0  0  0  0 
     6 | 0  0  1  0  0  0  0  0  0  0  0  0  1  1  0 
     7 | 0  0  1  0  0  1  0  0  0  1  0  0  1  0  0 
     8 | 0  0  1  0  0  0  0  0  0  0  0  0  0  0  0 
     9 | 0  0  0  0  0  0  0  1  1  0  0  0  0  1  0 
    10 | 1  0  0  0  0  1  0  1  1  0  0  1  0  0  0 
    11 | 0  0  0  1  0  1  0  0  0  0  0  0  0  0  0 
    12 | 1  1  0  0  0  1  0  1  0  0  0  1  0  1  0 
    13 | 0  1  0  0  0  0  0  0  0  0  0  1  0  0  0 
    14 | 0  0  0  0  1  1  0  1  0  0  0  1  0  1  0 
    15 | 0  0  1  1  1  0  1  0  0  0  0  0  0  0  1 

  Number of pairs: 112

  Slow transitivity closure:

    Minimum: 1017

         1  2  3  4  5  6  7  8  9 10 11 12 13 14 15 
       ---------------------------------------------
     1 | 0  0  0  0  0  1  1  0  1  0  1  1  0  0  0 
     2 | 1  0  1  1  0  0  0  1  1  1  1  1  1  1  0 
     3 | 1  0  1  1  0  1  1  1  0  0  0  0  1  0  0 
     4 | 1  0  0  0  1  1  1  0  0  1  1  0  1  0  1 
     5 | 1  1  0  1  0  1  1  0  0  1  0  0  0  0  1 
     6 | 0  1  1  0  1  1  1  0  1  1  1  1  1  1  1 
     7 | 1  1  0  1  1  1  1  0  0  0  0  0  1  1  1 
     8 | 1  1  0  0  1  1  1  0  1  0  1  0  1  0  0 
     9 | 1  0  1  0  0  0  0  1  0  0  0  0  1  1  1 
    10 | 0  1  1  0  1  0  0  1  0  0  0  0  0  0  1 
    11 | 0  0  0  0  1  1  0  0  0  0  0  1  1  0  0 
    12 | 0  1  1  0  0  1  1  1  0  0  1  1  1  1  0 
    13 | 1  1  1  0  1  0  0  0  0  0  1  1  0  0  1 
    14 | 1  1  1  1  1  0  0  1  1  1  0  0  1  0  0 
    15 | 0  0  1  1  1  0  0  1  1  0  0  1  0  0  0 

    Maximum: 1936

         1  2  3  4  5  6  7  8  9 10 11 12 13 14 15 
       ---------------------------------------------
     1 | 1  0  0  0  0  0  0  0  1  1  0  1  0  1  1 
     2 | 1  1  1  0  1  0  1  0  1  1  0  0  0  1  0 
     3 | 1  1  0  0  0  1  1  0  0  0  0  1  1  0  1 
     4 | 0  0  1  0  1  1  1  1  0  1  1  0  1  0  1 
     5 | 1  1  0  0  0  0  1  0  1  1  0  0  1  1  1 
     6 | 0  0  0  0  0  0  0  0  0  0  0  0  0  0  0 
     7 | 1  1  0  1  1  0  0  0  1  1  0  0  1  1  0 
     8 | 1  1  0  0  1  0  1  0  1  0  0  0  0  0  1 
     9 | 1  0  1  1  1  0  1  0  1  1  1  1  0  1  1 
    10 | 1  0  1  0  0  0  0  1  0  0  1  1  0  1  1 
    11 | 0  0  1  1  1  0  1  0  1  1  0  0  0  0  0 
    12 | 1  1  0  0  0  1  1  1  0  0  0  1  0  0  1 
    13 | 1  1  0  1  0  1  1  1  0  1  1  0  0  1  1 
    14 | 1  1  1  0  1  1  1  1  1  1  0  1  0  0  0 
    15 | 1  0  1  0  1  1  1  0  0  1  1  1  1  0  0 


  Transitivity closure:

    Minimum: 4502

         1  2  3  4  5  6  7  8  9 10 11 12 13 14 15 
       ---------------------------------------------
     1 | 0  1  0  1  1  1  0  1  1  0  0  1  0  0  1 
     2 | 1  0  0  1  1  1  1  0  0  1  1  0  1  0  1 
     3 | 1  1  0  1  1  0  1  0  0  0  1  1  1  0  0 
     4 | 1  0  1  0  1  1  0  0  0  0  0  0  1  1  1 
     5 | 1  1  0  0  0  0  0  1  1  0  0  1  0  0  0 
     6 | 1  0  1  1  0  1  0  1  0  0  0  1  0  1  1 
     7 | 1  1  1  1  1  1  0  1  0  0  0  1  0  1  0 
     8 | 1  0  0  0  0  0  0  1  1  0  1  0  0  1  1 
     9 | 1  1  1  0  0  0  0  1  0  0  1  0  0  1  0 
    10 | 0  0  1  1  1  1  1  1  0  0  1  0  1  1  1 
    11 | 0  1  0  0  0  0  0  0  0  1  0  1  1  1  0 
    12 | 0  1  1  1  1  1  0  1  1  1  1  1  0  0  0 
    13 | 0  1  0  1  1  1  0  1  0  1  0  0  1  0  0 
    14 | 1  0  1  1  1  0  0  1  0  1  1  0  0  0  0 
    15 | 1  0  0  1  0  1  0  1  1  0  0  1  1  0  0 

    Maximum: 8558

         1  2  3  4  5  6  7  8  9 10 11 12 13 14 15 
       ---------------------------------------------
     1 | 0  0  0  1  1  0  0  1  1  0  1  1  1  0  1 
     2 | 1  1  0  0  1  0  0  1  0  0  1  0  0  0  1 
     3 | 0  1  0  1  1  1  1  0  1  1  0  0  1  1  1 
     4 | 0  0  0  0  0  0  1  0  1  0  1  1  1  1  0 
     5 | 1  0  1  0  0  0  1  0  1  0  0  1  0  1  0 
     6 | 0  0  0  0  1  1  0  1  1  1  1  1  0  0  0 
     7 | 1  0  0  1  1  0  1  1  0  1  1  1  1  0  0 
     8 | 0  1  0  0  1  1  1  0  1  1  1  1  1  0  0 
     9 | 0  1  1  0  0  0  0  0  1  1  0  0  0  0  0 
    10 | 0  1  0  1  1  0  1  1  0  0  1  1  0  1  0 
    11 | 1  1  1  1  1  1  0  0  1  0  1  0  1  0  0 
    12 | 0  0  0  0  0  0  1  0  1  0  1  0  0  0  1 
    13 | 0  1  1  1  0  1  0  1  1  0  0  0  0  1  1 
    14 | 0  1  1  1  0  1  1  1  0  1  0  1  0  1  1 
    15 | 0  0  1  1  1  1  1  0  1  0  0  1  0  1  0 


  Transitivity closure improved:

    Minimum: 1227

         1  2  3  4  5  6  7  8  9 10 11 12 13 14 15 
       ---------------------------------------------
     1 | 0  0  0  0  0  1  1  0  1  0  1  1  0  0  0 
     2 | 1  0  1  1  0  0  0  1  1  1  1  1  1  1  0 
     3 | 1  0  1  1  0  1  1  1  0  0  0  0  1  0  0 
     4 | 1  0  0  0  1  1  1  0  0  1  1  0  1  0  1 
     5 | 1  1  0  1  0  1  1  0  0  1  0  0  0  0  1 
     6 | 0  1  1  0  1  1  1  0  1  1  1  1  1  1  1 
     7 | 1  1  0  1  1  1  1  0  0  0  0  0  1  1  1 
     8 | 1  1  0  0  1  1  1  0  1  0  1  0  1  0  0 
     9 | 1  0  1  0  0  0  0  1  0  0  0  0  1  1  1 
    10 | 0  1  1  0  1  0  0  1  0  0  0  0  0  0  1 
    11 | 0  0  0  0  1  1  0  0  0  0  0  1  1  0  0 
    12 | 0  1  1  0  0  1  1  1  0  0  1  1  1  1  0 
    13 | 1  1  1  0  1  0  0  0  0  0  1  1  0  0  1 
    14 | 1  1  1  1  1  0  0  1  1  1  0  0  1  0  0 
    15 | 0  0  1  1  1  0  0  1  1  0  0  1  0  0  0 

    Maximum: 2354

         1  2  3  4  5  6  7  8  9 10 11 12 13 14 15 
       ---------------------------------------------
     1 | 1  0  1  1  1  0  1  0  1  1  0  0  0  1  1 
     2 | 1  1  0  1  0  0  1  1  0  1  0  1  1  0  1 
     3 | 1  0  0  0  0  0  1  0  1  0  0  0  0  1  1 
     4 | 1  0  0  0  0  0  0  1  1  0  0  1  1  1  0 
     5 | 1  0  0  1  0  0  1  0  1  1  0  0  0  0  1 
     6 | 1  1  1  1  1  1  1  0  1  0  1  1  0  1  1 
     7 | 0  0  1  1  1  0  1  1  1  0  1  0  1  1  0 
     8 | 0  0  0  0  1  0  1  0  1  1  0  1  0  0  1 
     9 | 0  0  0  0  0  0  1  0  0  0  0  1  0  1  1 
    10 | 0  0  1  1  0  1  0  1  0  1  1  0  1  1  0 
    11 | 0  1  1  0  0  1  0  0  1  1  1  0  0  1  0 
    12 | 0  0  0  1  0  1  1  1  1  1  1  1  1  0  0 
    13 | 1  1  1  1  0  0  1  1  0  1  0  0  1  1  0 
    14 | 1  0  1  1  0  0  1  0  1  1  1  0  1  0  1 
    15 | 0  0  0  0  0  0  0  0  1  1  0  1  0  1  0 


  Transitivity closure by Warshall:

    Minimum: 3375

         1  2  3  4  5  6  7  8  9 10 11 12 13 14 15 
       ---------------------------------------------
     1 | 0  0  1  0  0  0  0  0  1  0  0  0  1  1  1 
     2 | 1  0  0  0  1  1  0  0  0  1  0  0  0  0  1 
     3 | 0  0  1  1  0  0  0  1  0  0  0  0  0  1  0 
     4 | 0  1  0  0  0  0  0  1  1  1  1  1  1  0  1 
     5 | 1  0  1  0  1  1  1  0  1  1  1  0  0  0  0 
     6 | 0  1  0  1  0  1  0  1  1  0  0  0  0  1  1 
     7 | 0  0  0  1  1  1  0  1  1  1  1  1  0  1  1 
     8 | 0  1  1  1  1  1  0  1  1  1  1  1  1  1  1 
     9 | 1  1  1  0  0  0  0  1  0  1  0  1  1  1  1 
    10 | 0  1  0  1  1  1  0  0  1  0  1  1  1  0  0 
    11 | 0  1  0  0  1  0  1  0  1  0  0  0  1  1  0 
    12 | 0  1  0  0  0  1  1  1  0  1  1  1  1  1  1 
    13 | 1  1  0  0  0  1  1  1  0  0  0  1  0  0  1 
    14 | 0  0  1  1  1  0  0  0  1  0  0  1  1  1  0 
    15 | 0  0  1  0  0  1  0  1  0  1  0  1  0  0  0 

    Maximum: 3375

         1  2  3  4  5  6  7  8  9 10 11 12 13 14 15 
       ---------------------------------------------
     1 | 0  0  1  0  0  0  0  0  1  0  0  0  1  1  1 
     2 | 1  0  0  0  1  1  0  0  0  1  0  0  0  0  1 
     3 | 0  0  1  1  0  0  0  1  0  0  0  0  0  1  0 
     4 | 0  1  0  0  0  0  0  1  1  1  1  1  1  0  1 
     5 | 1  0  1  0  1  1  1  0  1  1  1  0  0  0  0 
     6 | 0  1  0  1  0  1  0  1  1  0  0  0  0  1  1 
     7 | 0  0  0  1  1  1  0  1  1  1  1  1  0  1  1 
     8 | 0  1  1  1  1  1  0  1  1  1  1  1  1  1  1 
     9 | 1  1  1  0  0  0  0  1  0  1  0  1  1  1  1 
    10 | 0  1  0  1  1  1  0  0  1  0  1  1  1  0  0 
    11 | 0  1  0  0  1  0  1  0  1  0  0  0  1  1  0 
    12 | 0  1  0  0  0  1  1  1  0  1  1  1  1  1  1 
    13 | 1  1  0  0  0  1  1  1  0  0  0  1  0  0  1 
    14 | 0  0  1  1  1  0  0  0  1  0  0  1  1  1  0 
    15 | 0  0  1  0  0  1  0  1  0  1  0  1  0  0  0 


  Transitivity closure improved by Warshall:

    Minimum: 2815

         1  2  3  4  5  6  7  8  9 10 11 12 13 14 15 
       ---------------------------------------------
     1 | 1  0  1  1  1  0  1  0  1  1  0  0  0  1  1 
     2 | 1  1  0  1  0  0  1  1  0  1  0  1  1  0  1 
     3 | 1  0  0  0  0  0  1  0  1  0  0  0  0  1  1 
     4 | 1  0  0  0  0  0  0  1  1  0  0  1  1  1  0 
     5 | 1  0  0  1  0  0  1  0  1  1  0  0  0  0  1 
     6 | 1  1  1  1  1  1  1  0  1  0  1  1  0  1  1 
     7 | 0  0  1  1  1  0  1  1  1  0  1  0  1  1  0 
     8 | 0  0  0  0  1  0  1  0  1  1  0  1  0  0  1 
     9 | 0  0  0  0  0  0  1  0  0  0  0  1  0  1  1 
    10 | 0  0  1  1  0  1  0  1  0  1  1  0  1  1  0 
    11 | 0  1  1  0  0  1  0  0  1  1  1  0  0  1  0 
    12 | 0  0  0  1  0  1  1  1  1  1  1  1  1  0  0 
    13 | 1  1  1  1  0  0  1  1  0  1  0  0  1  1  0 
    14 | 1  0  1  1  0  0  1  0  1  1  1  0  1  0  1 
    15 | 0  0  0  0  0  0  0  0  1  1  0  1  0  1  0 

    Maximum: 3179

         1  2  3  4  5  6  7  8  9 10 11 12 13 14 15 
       ---------------------------------------------
     1 | 0  0  1  1  0  0  0  0  1  0  1  0  1  1  0 
     2 | 1  1  1  1  0  0  0  1  1  0  1  1  0  1  1 
     3 | 1  1  1  1  1  0  0  0  0  0  1  0  0  1  1 
     4 | 0  1  0  0  0  0  0  1  1  0  0  0  0  1  0 
     5 | 0  0  1  1  1  1  1  0  0  0  1  1  0  0  0 
     6 | 0  0  1  0  1  1  0  0  1  0  0  1  1  0  1 
     7 | 0  1  0  0  0  0  0  0  1  1  1  0  0  0  0 
     8 | 0  1  1  1  0  0  0  0  0  1  1  0  0  1  0 
     9 | 1  1  1  0  1  1  1  0  0  0  1  1  0  1  0 
    10 | 0  1  1  0  0  0  1  0  1  1  1  1  1  0  1 
    11 | 1  0  0  1  1  0  1  1  1  0  0  0  1  0  1 
    12 | 1  1  1  0  1  1  0  0  1  0  1  1  1  0  1 
    13 | 1  0  0  1  1  1  0  1  0  0  1  1  0  1  1 
    14 | 1  0  0  1  0  0  1  1  1  0  0  1  0  1  1 
    15 | 0  1  1  0  0  0  0  1  1  1  0  1  0  0  1 

  Number of pairs: 150

  Slow transitivity closure:

    Minimum: 609

         1  2  3  4  5  6  7  8  9 10 11 12 13 14 15 
       ---------------------------------------------
     1 | 0  1  1  1  1  1  1  1  0  1  1  1  0  0  1 
     2 | 1  1  1  0  1  1  1  1  1  0  0  1  1  1  1 
     3 | 1  0  1  1  1  0  1  0  1  1  1  0  1  0  0 
     4 | 1  0  0  0  1  1  1  1  1  1  1  1  0  0  1 
     5 | 1  0  1  0  0  1  1  0  0  0  1  0  0  1  1 
     6 | 1  0  1  1  1  0  1  1  1  0  0  1  1  0  1 
     7 | 0  1  0  1  1  1  1  1  0  0  1  1  0  0  1 
     8 | 1  1  1  1  1  1  0  0  1  1  0  0  1  1  1 
     9 | 0  1  1  1  0  0  1  1  0  1  0  1  1  1  1 
    10 | 0  1  1  1  0  0  1  1  1  1  1  0  1  0  1 
    11 | 1  1  0  1  1  1  0  1  1  1  1  1  1  1  1 
    12 | 1  1  0  0  1  1  1  1  1  0  1  1  0  1  0 
    13 | 1  1  0  0  0  1  0  1  1  1  1  1  0  1  0 
    14 | 1  1  1  0  1  1  1  0  0  1  1  1  1  0  0 
    15 | 1  1  0  1  0  0  1  1  1  0  1  1  0  0  1 

    Maximum: 823

         1  2  3  4  5  6  7  8  9 10 11 12 13 14 15 
       ---------------------------------------------
     1 | 0  1  1  1  1  1  0  0  1  1  1  1  1  1  1 
     2 | 1  1  0  0  0  0  1  1  1  0  1  1  1  0  1 
     3 | 1  0  1  0  0  0  1  1  1  0  0  1  1  1  1 
     4 | 0  0  0  0  0  1  0  1  1  1  1  1  0  0  1 
     5 | 0  0  0  1  1  0  1  1  0  1  1  0  0  1  1 
     6 | 1  0  1  1  1  0  1  1  0  0  0  0  0  1  1 
     7 | 0  1  1  1  0  1  1  1  1  1  1  1  0  1  1 
     8 | 1  1  1  1  1  1  1  1  1  1  0  1  1  1  1 
     9 | 1  1  1  0  1  1  0  1  0  0  1  1  1  1  1 
    10 | 1  0  1  1  0  1  0  1  1  0  1  1  1  1  0 
    11 | 1  1  1  1  0  0  0  1  1  0  1  1  1  1  1 
    12 | 0  0  0  1  1  0  1  1  1  1  1  0  1  1  0 
    13 | 0  1  1  0  0  0  1  1  1  1  0  0  1  1  0 
    14 | 1  0  1  1  0  1  1  1  1  1  0  1  1  0  1 
    15 | 0  1  1  1  1  1  1  0  1  0  1  1  1  0  1 


  Transitivity closure:

    Minimum: 3332

         1  2  3  4  5  6  7  8  9 10 11 12 13 14 15 
       ---------------------------------------------
     1 | 1  1  0  0  0  1  1  1  1  1  0  1  1  1  0 
     2 | 1  1  0  0  1  0  0  1  0  1  1  0  0  0  1 
     3 | 1  0  0  1  1  1  0  1  0  0  1  1  1  1  1 
     4 | 1  1  0  0  1  1  1  1  0  1  1  1  0  1  1 
     5 | 1  0  1  0  1  1  1  0  0  1  0  0  0  1  1 
     6 | 1  1  1  1  1  1  0  1  1  1  1  1  1  1  1 
     7 | 1  0  0  1  0  1  0  1  1  1  1  1  1  0  0 
     8 | 1  1  0  0  0  1  1  0  1  1  1  1  0  1  1 
     9 | 1  0  1  1  1  0  1  1  1  1  1  1  1  1  1 
    10 | 0  1  0  0  1  1  1  1  1  1  0  1  0  0  1 
    11 | 1  1  1  0  1  0  1  1  1  1  1  0  0  1  0 
    12 | 1  1  1  1  1  1  0  1  1  0  0  1  1  1  0 
    13 | 1  1  0  0  1  1  1  1  1  1  0  1  1  1  0 
    14 | 1  0  1  1  1  1  1  0  0  1  1  0  1  0  0 
    15 | 1  1  0  1  0  1  0  1  1  0  0  1  1  0  0 

    Maximum: 5998

         1  2  3  4  5  6  7  8  9 10 11 12 13 14 15 
       ---------------------------------------------
     1 | 0  1  1  1  1  1  0  0  1  1  1  1  1  1  1 
     2 | 1  1  0  0  0  0  1  1  1  0  1  1  1  0  1 
     3 | 1  0  1  0  0  0  1  1  1  0  0  1  1  1  1 
     4 | 0  0  0  0  0  1  0  1  1  1  1  1  0  0  1 
     5 | 0  0  0  1  1  0  1  1  0  1  1  0  0  1  1 
     6 | 1  0  1  1  1  0  1  1  0  0  0  0  0  1  1 
     7 | 0  1  1  1  0  1  1  1  1  1  1  1  0  1  1 
     8 | 1  1  1  1  1  1  1  1  1  1  0  1  1  1  1 
     9 | 1  1  1  0  1  1  0  1  0  0  1  1  1  1  1 
    10 | 1  0  1  1  0  1  0  1  1  0  1  1  1  1  0 
    11 | 1  1  1  1  0  0  0  1  1  0  1  1  1  1  1 
    12 | 0  0  0  1  1  0  1  1  1  1  1  0  1  1  0 
    13 | 0  1  1  0  0  0  1  1  1  1  0  0  1  1  0 
    14 | 1  0  1  1  0  1  1  1  1  1  0  1  1  0  1 
    15 | 0  1  1  1  1  1  1  0  1  0  1  1  1  0  1 


  Transitivity closure improved:

    Minimum: 669

         1  2  3  4  5  6  7  8  9 10 11 12 13 14 15 
       ---------------------------------------------
     1 | 0  1  1  1  1  1  1  1  0  1  1  1  0  0  1 
     2 | 1  1  1  0  1  1  1  1  1  0  0  1  1  1  1 
     3 | 1  0  1  1  1  0  1  0  1  1  1  0  1  0  0 
     4 | 1  0  0  0  1  1  1  1  1  1  1  1  0  0  1 
     5 | 1  0  1  0  0  1  1  0  0  0  1  0  0  1  1 
     6 | 1  0  1  1  1  0  1  1  1  0  0  1  1  0  1 
     7 | 0  1  0  1  1  1  1  1  0  0  1  1  0  0  1 
     8 | 1  1  1  1  1  1  0  0  1  1  0  0  1  1  1 
     9 | 0  1  1  1  0  0  1  1  0  1  0  1  1  1  1 
    10 | 0  1  1  1  0  0  1  1  1  1  1  0  1  0  1 
    11 | 1  1  0  1  1  1  0  1  1  1  1  1  1  1  1 
    12 | 1  1  0  0  1  1  1  1  1  0  1  1  0  1  0 
    13 | 1  1  0  0  0  1  0  1  1  1  1  1  0  1  0 
    14 | 1  1  1  0  1  1  1  0  0  1  1  1  1  0  0 
    15 | 1  1  0  1  0  0  1  1  1  0  1  1  0  0  1 

    Maximum: 1048

         1  2  3  4  5  6  7  8  9 10 11 12 13 14 15 
       ---------------------------------------------
     1 | 0  1  1  1  1  1  0  0  1  1  1  1  1  1  1 
     2 | 1  1  0  0  0  0  1  1  1  0  1  1  1  0  1 
     3 | 1  0  1  0  0  0  1  1  1  0  0  1  1  1  1 
     4 | 0  0  0  0  0  1  0  1  1  1  1  1  0  0  1 
     5 | 0  0  0  1  1  0  1  1  0  1  1  0  0  1  1 
     6 | 1  0  1  1  1  0  1  1  0  0  0  0  0  1  1 
     7 | 0  1  1  1  0  1  1  1  1  1  1  1  0  1  1 
     8 | 1  1  1  1  1  1  1  1  1  1  0  1  1  1  1 
     9 | 1  1  1  0  1  1  0  1  0  0  1  1  1  1  1 
    10 | 1  0  1  1  0  1  0  1  1  0  1  1  1  1  0 
    11 | 1  1  1  1  0  0  0  1  1  0  1  1  1  1  1 
    12 | 0  0  0  1  1  0  1  1  1  1  1  0  1  1  0 
    13 | 0  1  1  0  0  0  1  1  1  1  0  0  1  1  0 
    14 | 1  0  1  1  0  1  1  1  1  1  0  1  1  0  1 
    15 | 0  1  1  1  1  1  1  0  1  0  1  1  1  0  1 


  Transitivity closure by Warshall:

    Minimum: 3375

         1  2  3  4  5  6  7  8  9 10 11 12 13 14 15 
       ---------------------------------------------
     1 | 0  1  1  1  1  1  1  0  0  1  1  1  0  1  0 
     2 | 1  1  1  1  1  0  1  1  0  0  0  1  1  1  0 
     3 | 1  1  1  0  1  0  1  1  0  1  1  1  1  1  0 
     4 | 1  1  1  1  1  1  0  0  1  1  1  1  1  1  1 
     5 | 0  1  1  1  1  1  0  0  1  1  0  1  1  1  1 
     6 | 0  1  1  1  1  0  1  0  0  1  0  1  0  1  0 
     7 | 1  0  1  1  1  0  0  0  0  1  1  1  1  0  1 
     8 | 0  0  1  1  1  0  0  1  1  1  0  0  1  1  1 
     9 | 0  1  1  0  1  0  1  0  1  1  1  0  1  0  0 
    10 | 0  1  1  1  1  1  1  1  0  1  1  1  1  1  1 
    11 | 1  0  1  1  1  0  1  1  0  1  0  1  0  1  1 
    12 | 0  1  1  1  1  0  1  1  0  1  1  0  0  1  1 
    13 | 0  1  1  0  1  1  0  0  0  1  1  1  1  0  1 
    14 | 0  1  1  0  1  1  0  0  1  1  1  0  1  0  0 
    15 | 1  1  1  1  0  1  0  1  1  1  0  1  1  1  0 

    Maximum: 3375

         1  2  3  4  5  6  7  8  9 10 11 12 13 14 15 
       ---------------------------------------------
     1 | 0  1  1  1  1  1  1  0  0  1  1  1  0  1  0 
     2 | 1  1  1  1  1  0  1  1  0  0  0  1  1  1  0 
     3 | 1  1  1  0  1  0  1  1  0  1  1  1  1  1  0 
     4 | 1  1  1  1  1  1  0  0  1  1  1  1  1  1  1 
     5 | 0  1  1  1  1  1  0  0  1  1  0  1  1  1  1 
     6 | 0  1  1  1  1  0  1  0  0  1  0  1  0  1  0 
     7 | 1  0  1  1  1  0  0  0  0  1  1  1  1  0  1 
     8 | 0  0  1  1  1  0  0  1  1  1  0  0  1  1  1 
     9 | 0  1  1  0  1  0  1  0  1  1  1  0  1  0  0 
    10 | 0  1  1  1  1  1  1  1  0  1  1  1  1  1  1 
    11 | 1  0  1  1  1  0  1  1  0  1  0  1  0  1  1 
    12 | 0  1  1  1  1  0  1  1  0  1  1  0  0  1  1 
    13 | 0  1  1  0  1  1  0  0  0  1  1  1  1  0  1 
    14 | 0  1  1  0  1  1  0  0  1  1  1  0  1  0  0 
    15 | 1  1  1  1  0  1  0  1  1  1  0  1  1  1  0 


  Transitivity closure improved by Warshall:

    Minimum: 3151

         1  2  3  4  5  6  7  8  9 10 11 12 13 14 15 
       ---------------------------------------------
     1 | 1  1  0  0  0  1  1  1  1  1  0  1  1  1  0 
     2 | 1  1  0  0  1  0  0  1  0  1  1  0  0  0  1 
     3 | 1  0  0  1  1  1  0  1  0  0  1  1  1  1  1 
     4 | 1  1  0  0  1  1  1  1  0  1  1  1  0  1  1 
     5 | 1  0  1  0  1  1  1  0  0  1  0  0  0  1  1 
     6 | 1  1  1  1  1  1  0  1  1  1  1  1  1  1  1 
     7 | 1  0  0  1  0  1  0  1  1  1  1  1  1  0  0 
     8 | 1  1  0  0  0  1  1  0  1  1  1  1  0  1  1 
     9 | 1  0  1  1  1  0  1  1  1  1  1  1  1  1  1 
    10 | 0  1  0  0  1  1  1  1  1  1  0  1  0  0  1 
    11 | 1  1  1  0  1  0  1  1  1  1  1  0  0  1  0 
    12 | 1  1  1  1  1  1  0  1  1  0  0  1  1  1  0 
    13 | 1  1  0  0  1  1  1  1  1  1  0  1  1  1  0 
    14 | 1  0  1  1  1  1  1  0  0  1  1  0  1  0  0 
    15 | 1  1  0  1  0  1  0  1  1  0  0  1  1  0  0 

    Maximum: 3319

         1  2  3  4  5  6  7  8  9 10 11 12 13 14 15 
       ---------------------------------------------
     1 | 0  1  1  1  1  1  1  1  0  1  1  1  0  0  1 
     2 | 1  1  1  0  1  1  1  1  1  0  0  1  1  1  1 
     3 | 1  0  1  1  1  0  1  0  1  1  1  0  1  0  0 
     4 | 1  0  0  0  1  1  1  1  1  1  1  1  0  0  1 
     5 | 1  0  1  0  0  1  1  0  0  0  1  0  0  1  1 
     6 | 1  0  1  1  1  0  1  1  1  0  0  1  1  0  1 
     7 | 0  1  0  1  1  1  1  1  0  0  1  1  0  0  1 
     8 | 1  1  1  1  1  1  0  0  1  1  0  0  1  1  1 
     9 | 0  1  1  1  0  0  1  1  0  1  0  1  1  1  1 
    10 | 0  1  1  1  0  0  1  1  1  1  1  0  1  0  1 
    11 | 1  1  0  1  1  1  0  1  1  1  1  1  1  1  1 
    12 | 1  1  0  0  1  1  1  1  1  0  1  1  0  1  0 
    13 | 1  1  0  0  0  1  0  1  1  1  1  1  0  1  0 
    14 | 1  1  1  0  1  1  1  0  0  1  1  1  1  0  0 
    15 | 1  1  0  1  0  0  1  1  1  0  1  1  0  0  1 

  Number of pairs: 225

  Slow transitivity closure:

    Minimum: 225

         1  2  3  4  5  6  7  8  9 10 11 12 13 14 15 
       ---------------------------------------------
     1 | 1  1  1  1  1  1  1  1  1  1  1  1  1  1  1 
     2 | 1  1  1  1  1  1  1  1  1  1  1  1  1  1  1 
     3 | 1  1  1  1  1  1  1  1  1  1  1  1  1  1  1 
     4 | 1  1  1  1  1  1  1  1  1  1  1  1  1  1  1 
     5 | 1  1  1  1  1  1  1  1  1  1  1  1  1  1  1 
     6 | 1  1  1  1  1  1  1  1  1  1  1  1  1  1  1 
     7 | 1  1  1  1  1  1  1  1  1  1  1  1  1  1  1 
     8 | 1  1  1  1  1  1  1  1  1  1  1  1  1  1  1 
     9 | 1  1  1  1  1  1  1  1  1  1  1  1  1  1  1 
    10 | 1  1  1  1  1  1  1  1  1  1  1  1  1  1  1 
    11 | 1  1  1  1  1  1  1  1  1  1  1  1  1  1  1 
    12 | 1  1  1  1  1  1  1  1  1  1  1  1  1  1  1 
    13 | 1  1  1  1  1  1  1  1  1  1  1  1  1  1  1 
    14 | 1  1  1  1  1  1  1  1  1  1  1  1  1  1  1 
    15 | 1  1  1  1  1  1  1  1  1  1  1  1  1  1  1 

    Maximum: 225

         1  2  3  4  5  6  7  8  9 10 11 12 13 14 15 
       ---------------------------------------------
     1 | 1  1  1  1  1  1  1  1  1  1  1  1  1  1  1 
     2 | 1  1  1  1  1  1  1  1  1  1  1  1  1  1  1 
     3 | 1  1  1  1  1  1  1  1  1  1  1  1  1  1  1 
     4 | 1  1  1  1  1  1  1  1  1  1  1  1  1  1  1 
     5 | 1  1  1  1  1  1  1  1  1  1  1  1  1  1  1 
     6 | 1  1  1  1  1  1  1  1  1  1  1  1  1  1  1 
     7 | 1  1  1  1  1  1  1  1  1  1  1  1  1  1  1 
     8 | 1  1  1  1  1  1  1  1  1  1  1  1  1  1  1 
     9 | 1  1  1  1  1  1  1  1  1  1  1  1  1  1  1 
    10 | 1  1  1  1  1  1  1  1  1  1  1  1  1  1  1 
    11 | 1  1  1  1  1  1  1  1  1  1  1  1  1  1  1 
    12 | 1  1  1  1  1  1  1  1  1  1  1  1  1  1  1 
    13 | 1  1  1  1  1  1  1  1  1  1  1  1  1  1  1 
    14 | 1  1  1  1  1  1  1  1  1  1  1  1  1  1  1 
    15 | 1  1  1  1  1  1  1  1  1  1  1  1  1  1  1 


  Transitivity closure:

    Minimum: 2925

         1  2  3  4  5  6  7  8  9 10 11 12 13 14 15 
       ---------------------------------------------
     1 | 1  1  1  1  1  1  1  1  1  1  1  1  1  1  1 
     2 | 1  1  1  1  1  1  1  1  1  1  1  1  1  1  1 
     3 | 1  1  1  1  1  1  1  1  1  1  1  1  1  1  1 
     4 | 1  1  1  1  1  1  1  1  1  1  1  1  1  1  1 
     5 | 1  1  1  1  1  1  1  1  1  1  1  1  1  1  1 
     6 | 1  1  1  1  1  1  1  1  1  1  1  1  1  1  1 
     7 | 1  1  1  1  1  1  1  1  1  1  1  1  1  1  1 
     8 | 1  1  1  1  1  1  1  1  1  1  1  1  1  1  1 
     9 | 1  1  1  1  1  1  1  1  1  1  1  1  1  1  1 
    10 | 1  1  1  1  1  1  1  1  1  1  1  1  1  1  1 
    11 | 1  1  1  1  1  1  1  1  1  1  1  1  1  1  1 
    12 | 1  1  1  1  1  1  1  1  1  1  1  1  1  1  1 
    13 | 1  1  1  1  1  1  1  1  1  1  1  1  1  1  1 
    14 | 1  1  1  1  1  1  1  1  1  1  1  1  1  1  1 
    15 | 1  1  1  1  1  1  1  1  1  1  1  1  1  1  1 

    Maximum: 2925

         1  2  3  4  5  6  7  8  9 10 11 12 13 14 15 
       ---------------------------------------------
     1 | 1  1  1  1  1  1  1  1  1  1  1  1  1  1  1 
     2 | 1  1  1  1  1  1  1  1  1  1  1  1  1  1  1 
     3 | 1  1  1  1  1  1  1  1  1  1  1  1  1  1  1 
     4 | 1  1  1  1  1  1  1  1  1  1  1  1  1  1  1 
     5 | 1  1  1  1  1  1  1  1  1  1  1  1  1  1  1 
     6 | 1  1  1  1  1  1  1  1  1  1  1  1  1  1  1 
     7 | 1  1  1  1  1  1  1  1  1  1  1  1  1  1  1 
     8 | 1  1  1  1  1  1  1  1  1  1  1  1  1  1  1 
     9 | 1  1  1  1  1  1  1  1  1  1  1  1  1  1  1 
    10 | 1  1  1  1  1  1  1  1  1  1  1  1  1  1  1 
    11 | 1  1  1  1  1  1  1  1  1  1  1  1  1  1  1 
    12 | 1  1  1  1  1  1  1  1  1  1  1  1  1  1  1 
    13 | 1  1  1  1  1  1  1  1  1  1  1  1  1  1  1 
    14 | 1  1  1  1  1  1  1  1  1  1  1  1  1  1  1 
    15 | 1  1  1  1  1  1  1  1  1  1  1  1  1  1  1 


  Transitivity closure improved:

    Minimum: 225

         1  2  3  4  5  6  7  8  9 10 11 12 13 14 15 
       ---------------------------------------------
     1 | 1  1  1  1  1  1  1  1  1  1  1  1  1  1  1 
     2 | 1  1  1  1  1  1  1  1  1  1  1  1  1  1  1 
     3 | 1  1  1  1  1  1  1  1  1  1  1  1  1  1  1 
     4 | 1  1  1  1  1  1  1  1  1  1  1  1  1  1  1 
     5 | 1  1  1  1  1  1  1  1  1  1  1  1  1  1  1 
     6 | 1  1  1  1  1  1  1  1  1  1  1  1  1  1  1 
     7 | 1  1  1  1  1  1  1  1  1  1  1  1  1  1  1 
     8 | 1  1  1  1  1  1  1  1  1  1  1  1  1  1  1 
     9 | 1  1  1  1  1  1  1  1  1  1  1  1  1  1  1 
    10 | 1  1  1  1  1  1  1  1  1  1  1  1  1  1  1 
    11 | 1  1  1  1  1  1  1  1  1  1  1  1  1  1  1 
    12 | 1  1  1  1  1  1  1  1  1  1  1  1  1  1  1 
    13 | 1  1  1  1  1  1  1  1  1  1  1  1  1  1  1 
    14 | 1  1  1  1  1  1  1  1  1  1  1  1  1  1  1 
    15 | 1  1  1  1  1  1  1  1  1  1  1  1  1  1  1 

    Maximum: 225

         1  2  3  4  5  6  7  8  9 10 11 12 13 14 15 
       ---------------------------------------------
     1 | 1  1  1  1  1  1  1  1  1  1  1  1  1  1  1 
     2 | 1  1  1  1  1  1  1  1  1  1  1  1  1  1  1 
     3 | 1  1  1  1  1  1  1  1  1  1  1  1  1  1  1 
     4 | 1  1  1  1  1  1  1  1  1  1  1  1  1  1  1 
     5 | 1  1  1  1  1  1  1  1  1  1  1  1  1  1  1 
     6 | 1  1  1  1  1  1  1  1  1  1  1  1  1  1  1 
     7 | 1  1  1  1  1  1  1  1  1  1  1  1  1  1  1 
     8 | 1  1  1  1  1  1  1  1  1  1  1  1  1  1  1 
     9 | 1  1  1  1  1  1  1  1  1  1  1  1  1  1  1 
    10 | 1  1  1  1  1  1  1  1  1  1  1  1  1  1  1 
    11 | 1  1  1  1  1  1  1  1  1  1  1  1  1  1  1 
    12 | 1  1  1  1  1  1  1  1  1  1  1  1  1  1  1 
    13 | 1  1  1  1  1  1  1  1  1  1  1  1  1  1  1 
    14 | 1  1  1  1  1  1  1  1  1  1  1  1  1  1  1 
    15 | 1  1  1  1  1  1  1  1  1  1  1  1  1  1  1 


  Transitivity closure by Warshall:

    Minimum: 3375

         1  2  3  4  5  6  7  8  9 10 11 12 13 14 15 
       ---------------------------------------------
     1 | 1  1  1  1  1  1  1  1  1  1  1  1  1  1  1 
     2 | 1  1  1  1  1  1  1  1  1  1  1  1  1  1  1 
     3 | 1  1  1  1  1  1  1  1  1  1  1  1  1  1  1 
     4 | 1  1  1  1  1  1  1  1  1  1  1  1  1  1  1 
     5 | 1  1  1  1  1  1  1  1  1  1  1  1  1  1  1 
     6 | 1  1  1  1  1  1  1  1  1  1  1  1  1  1  1 
     7 | 1  1  1  1  1  1  1  1  1  1  1  1  1  1  1 
     8 | 1  1  1  1  1  1  1  1  1  1  1  1  1  1  1 
     9 | 1  1  1  1  1  1  1  1  1  1  1  1  1  1  1 
    10 | 1  1  1  1  1  1  1  1  1  1  1  1  1  1  1 
    11 | 1  1  1  1  1  1  1  1  1  1  1  1  1  1  1 
    12 | 1  1  1  1  1  1  1  1  1  1  1  1  1  1  1 
    13 | 1  1  1  1  1  1  1  1  1  1  1  1  1  1  1 
    14 | 1  1  1  1  1  1  1  1  1  1  1  1  1  1  1 
    15 | 1  1  1  1  1  1  1  1  1  1  1  1  1  1  1 

    Maximum: 3375

         1  2  3  4  5  6  7  8  9 10 11 12 13 14 15 
       ---------------------------------------------
     1 | 1  1  1  1  1  1  1  1  1  1  1  1  1  1  1 
     2 | 1  1  1  1  1  1  1  1  1  1  1  1  1  1  1 
     3 | 1  1  1  1  1  1  1  1  1  1  1  1  1  1  1 
     4 | 1  1  1  1  1  1  1  1  1  1  1  1  1  1  1 
     5 | 1  1  1  1  1  1  1  1  1  1  1  1  1  1  1 
     6 | 1  1  1  1  1  1  1  1  1  1  1  1  1  1  1 
     7 | 1  1  1  1  1  1  1  1  1  1  1  1  1  1  1 
     8 | 1  1  1  1  1  1  1  1  1  1  1  1  1  1  1 
     9 | 1  1  1  1  1  1  1  1  1  1  1  1  1  1  1 
    10 | 1  1  1  1  1  1  1  1  1  1  1  1  1  1  1 
    11 | 1  1  1  1  1  1  1  1  1  1  1  1  1  1  1 
    12 | 1  1  1  1  1  1  1  1  1  1  1  1  1  1  1 
    13 | 1  1  1  1  1  1  1  1  1  1  1  1  1  1  1 
    14 | 1  1  1  1  1  1  1  1  1  1  1  1  1  1  1 
    15 | 1  1  1  1  1  1  1  1  1  1  1  1  1  1  1 


  Transitivity closure improved by Warshall:

    Minimum: 3375

         1  2  3  4  5  6  7  8  9 10 11 12 13 14 15 
       ---------------------------------------------
     1 | 1  1  1  1  1  1  1  1  1  1  1  1  1  1  1 
     2 | 1  1  1  1  1  1  1  1  1  1  1  1  1  1  1 
     3 | 1  1  1  1  1  1  1  1  1  1  1  1  1  1  1 
     4 | 1  1  1  1  1  1  1  1  1  1  1  1  1  1  1 
     5 | 1  1  1  1  1  1  1  1  1  1  1  1  1  1  1 
     6 | 1  1  1  1  1  1  1  1  1  1  1  1  1  1  1 
     7 | 1  1  1  1  1  1  1  1  1  1  1  1  1  1  1 
     8 | 1  1  1  1  1  1  1  1  1  1  1  1  1  1  1 
     9 | 1  1  1  1  1  1  1  1  1  1  1  1  1  1  1 
    10 | 1  1  1  1  1  1  1  1  1  1  1  1  1  1  1 
    11 | 1  1  1  1  1  1  1  1  1  1  1  1  1  1  1 
    12 | 1  1  1  1  1  1  1  1  1  1  1  1  1  1  1 
    13 | 1  1  1  1  1  1  1  1  1  1  1  1  1  1  1 
    14 | 1  1  1  1  1  1  1  1  1  1  1  1  1  1  1 
    15 | 1  1  1  1  1  1  1  1  1  1  1  1  1  1  1 

    Maximum: 3375

         1  2  3  4  5  6  7  8  9 10 11 12 13 14 15 
       ---------------------------------------------
     1 | 1  1  1  1  1  1  1  1  1  1  1  1  1  1  1 
     2 | 1  1  1  1  1  1  1  1  1  1  1  1  1  1  1 
     3 | 1  1  1  1  1  1  1  1  1  1  1  1  1  1  1 
     4 | 1  1  1  1  1  1  1  1  1  1  1  1  1  1  1 
     5 | 1  1  1  1  1  1  1  1  1  1  1  1  1  1  1 
     6 | 1  1  1  1  1  1  1  1  1  1  1  1  1  1  1 
     7 | 1  1  1  1  1  1  1  1  1  1  1  1  1  1  1 
     8 | 1  1  1  1  1  1  1  1  1  1  1  1  1  1  1 
     9 | 1  1  1  1  1  1  1  1  1  1  1  1  1  1  1 
    10 | 1  1  1  1  1  1  1  1  1  1  1  1  1  1  1 
    11 | 1  1  1  1  1  1  1  1  1  1  1  1  1  1  1 
    12 | 1  1  1  1  1  1  1  1  1  1  1  1  1  1  1 
    13 | 1  1  1  1  1  1  1  1  1  1  1  1  1  1  1 
    14 | 1  1  1  1  1  1  1  1  1  1  1  1  1  1  1 
    15 | 1  1  1  1  1  1  1  1  1  1  1  1  1  1  1 

