N = 5

  Number of pairs: 1

  Slow transitivity closure:

    Minimum: 125

         1  2  3  4  5 
       ---------------
     1 | 0  0  0  0  0 
     2 | 0  0  0  0  0 
     3 | 0  0  0  0  0 
     4 | 0  0  0  0  0 
     5 | 0  1  0  0  0 

    Maximum: 125

         1  2  3  4  5 
       ---------------
     1 | 0  0  0  0  0 
     2 | 0  0  0  0  0 
     3 | 0  0  0  0  0 
     4 | 0  0  0  0  0 
     5 | 0  1  0  0  0 


  Transitivity closure:

    Minimum: 375

         1  2  3  4  5 
       ---------------
     1 | 0  0  0  0  0 
     2 | 0  0  0  0  0 
     3 | 0  0  0  0  0 
     4 | 0  0  0  0  0 
     5 | 0  1  0  0  0 

    Maximum: 375

         1  2  3  4  5 
       ---------------
     1 | 0  0  0  0  0 
     2 | 0  0  0  0  0 
     3 | 0  0  0  0  0 
     4 | 0  0  0  0  0 
     5 | 0  1  0  0  0 


  Transitivity closure improved:

    Minimum: 125

         1  2  3  4  5 
       ---------------
     1 | 0  0  0  0  0 
     2 | 0  0  0  0  0 
     3 | 0  0  0  0  0 
     4 | 0  0  0  0  0 
     5 | 0  1  0  0  0 

    Maximum: 125

         1  2  3  4  5 
       ---------------
     1 | 0  0  0  0  0 
     2 | 0  0  0  0  0 
     3 | 0  0  0  0  0 
     4 | 0  0  0  0  0 
     5 | 0  1  0  0  0 


  Transitivity closure by Warshall:

    Minimum: 125

         1  2  3  4  5 
       ---------------
     1 | 0  0  0  0  0 
     2 | 0  0  0  0  0 
     3 | 0  0  0  0  0 
     4 | 0  0  0  0  0 
     5 | 0  1  0  0  0 

    Maximum: 125

         1  2  3  4  5 
       ---------------
     1 | 0  0  0  0  0 
     2 | 0  0  0  0  0 
     3 | 0  0  0  0  0 
     4 | 0  0  0  0  0 
     5 | 0  1  0  0  0 


  Transitivity closure improved by Warshall:

    Minimum: 29

         1  2  3  4  5 
       ---------------
     1 | 0  0  0  0  0 
     2 | 0  0  0  0  0 
     3 | 0  0  0  0  0 
     4 | 0  0  0  0  0 
     5 | 0  1  0  0  0 

    Maximum: 29

         1  2  3  4  5 
       ---------------
     1 | 0  0  0  0  0 
     2 | 0  0  0  0  0 
     3 | 0  0  0  0  0 
     4 | 0  0  0  0  0 
     5 | 0  1  0  0  0 

  Number of pairs: 6

  Slow transitivity closure:

    Minimum: 224

         1  2  3  4  5 
       ---------------
     1 | 0  0  0  1  0 
     2 | 0  1  0  0  1 
     3 | 1  0  0  0  1 
     4 | 0  0  0  0  1 
     5 | 0  0  0  0  0 

    Maximum: 276

         1  2  3  4  5 
       ---------------
     1 | 0  0  0  0  0 
     2 | 0  1  1  0  1 
     3 | 0  1  0  0  0 
     4 | 0  0  0  0  0 
     5 | 1  1  0  0  0 


  Transitivity closure:

    Minimum: 276

         1  2  3  4  5 
       ---------------
     1 | 0  0  0  0  0 
     2 | 0  1  1  0  1 
     3 | 0  1  0  0  0 
     4 | 0  0  0  0  0 
     5 | 1  1  0  0  0 

    Maximum: 348

         1  2  3  4  5 
       ---------------
     1 | 0  0  0  1  0 
     2 | 0  1  0  0  1 
     3 | 1  0  0  0  1 
     4 | 0  0  0  0  1 
     5 | 0  0  0  0  0 


  Transitivity closure improved:

    Minimum: 276

         1  2  3  4  5 
       ---------------
     1 | 0  0  0  0  0 
     2 | 0  1  1  0  1 
     3 | 0  1  0  0  0 
     4 | 0  0  0  0  0 
     5 | 1  1  0  0  0 

    Maximum: 348

         1  2  3  4  5 
       ---------------
     1 | 0  0  0  1  0 
     2 | 0  1  0  0  1 
     3 | 1  0  0  0  1 
     4 | 0  0  0  0  1 
     5 | 0  0  0  0  0 


  Transitivity closure by Warshall:

    Minimum: 125

         1  2  3  4  5 
       ---------------
     1 | 1  0  0  0  0 
     2 | 0  0  0  0  1 
     3 | 0  0  0  1  0 
     4 | 1  0  0  0  1 
     5 | 0  0  0  0  1 

    Maximum: 125

         1  2  3  4  5 
       ---------------
     1 | 1  0  0  0  0 
     2 | 0  0  0  0  1 
     3 | 0  0  0  1  0 
     4 | 1  0  0  0  1 
     5 | 0  0  0  0  1 


  Transitivity closure improved by Warshall:

    Minimum: 53

         1  2  3  4  5 
       ---------------
     1 | 1  0  0  0  0 
     2 | 0  0  0  0  1 
     3 | 0  0  0  1  0 
     4 | 1  0  0  0  1 
     5 | 0  0  0  0  1 

    Maximum: 65

         1  2  3  4  5 
       ---------------
     1 | 0  0  0  0  0 
     2 | 0  1  1  0  1 
     3 | 0  1  0  0  0 
     4 | 0  0  0  0  0 
     5 | 1  1  0  0  0 

  Number of pairs: 12

  Slow transitivity closure:

    Minimum: 126

         1  2  3  4  5 
       ---------------
     1 | 0  1  1  0  0 
     2 | 1  0  1  0  1 
     3 | 1  0  1  0  1 
     4 | 0  1  0  0  0 
     5 | 1  0  1  1  0 

    Maximum: 132

         1  2  3  4  5 
       ---------------
     1 | 0  0  1  1  0 
     2 | 0  1  0  1  1 
     3 | 1  1  0  0  1 
     4 | 0  0  0  0  1 
     5 | 1  0  1  0  1 


  Transitivity closure:

    Minimum: 153

         1  2  3  4  5 
       ---------------
     1 | 0  1  1  0  0 
     2 | 1  0  1  0  1 
     3 | 1  0  1  0  1 
     4 | 0  1  0  0  0 
     5 | 1  0  1  1  0 

    Maximum: 208

         1  2  3  4  5 
       ---------------
     1 | 0  0  1  1  0 
     2 | 0  1  0  1  1 
     3 | 1  1  0  0  1 
     4 | 0  0  0  0  1 
     5 | 1  0  1  0  1 


  Transitivity closure improved:

    Minimum: 143

         1  2  3  4  5 
       ---------------
     1 | 0  1  0  0  1 
     2 | 1  0  1  0  1 
     3 | 0  0  0  0  0 
     4 | 1  1  1  1  1 
     5 | 1  0  0  1  0 

    Maximum: 208

         1  2  3  4  5 
       ---------------
     1 | 0  0  1  1  0 
     2 | 0  1  0  1  1 
     3 | 1  1  0  0  1 
     4 | 0  0  0  0  1 
     5 | 1  0  1  0  1 


  Transitivity closure by Warshall:

    Minimum: 125

         1  2  3  4  5 
       ---------------
     1 | 0  0  1  1  0 
     2 | 0  1  0  1  1 
     3 | 1  1  0  0  1 
     4 | 0  0  0  0  1 
     5 | 1  0  1  0  1 

    Maximum: 125

         1  2  3  4  5 
       ---------------
     1 | 0  0  1  1  0 
     2 | 0  1  0  1  1 
     3 | 1  1  0  0  1 
     4 | 0  0  0  0  1 
     5 | 1  0  1  0  1 


  Transitivity closure improved by Warshall:

    Minimum: 89

         1  2  3  4  5 
       ---------------
     1 | 0  0  1  1  0 
     2 | 0  1  0  1  1 
     3 | 1  1  0  0  1 
     4 | 0  0  0  0  1 
     5 | 1  0  1  0  1 

    Maximum: 101

         1  2  3  4  5 
       ---------------
     1 | 0  1  1  0  0 
     2 | 1  0  1  0  1 
     3 | 1  0  1  0  1 
     4 | 0  1  0  0  0 
     5 | 1  0  1  1  0 

  Number of pairs: 16

  Slow transitivity closure:

    Minimum: 68

         1  2  3  4  5 
       ---------------
     1 | 1  1  1  1  0 
     2 | 1  0  1  0  1 
     3 | 1  0  1  0  1 
     4 | 0  1  0  0  1 
     5 | 1  0  1  1  1 

    Maximum: 99

         1  2  3  4  5 
       ---------------
     1 | 0  1  1  1  0 
     2 | 1  1  1  0  1 
     3 | 1  0  1  0  1 
     4 | 0  1  1  0  0 
     5 | 1  1  1  1  0 


  Transitivity closure:

    Minimum: 103

         1  2  3  4  5 
       ---------------
     1 | 1  1  1  1  0 
     2 | 1  0  1  0  1 
     3 | 1  0  1  0  1 
     4 | 0  1  0  0  1 
     5 | 1  0  1  1  1 

    Maximum: 123

         1  2  3  4  5 
       ---------------
     1 | 0  1  1  1  0 
     2 | 1  1  1  0  1 
     3 | 1  0  1  0  1 
     4 | 0  1  1  0  0 
     5 | 1  1  1  1  0 


  Transitivity closure improved:

    Minimum: 73

         1  2  3  4  5 
       ---------------
     1 | 1  1  1  1  0 
     2 | 1  0  1  0  1 
     3 | 1  0  1  0  1 
     4 | 0  1  0  0  1 
     5 | 1  0  1  1  1 

    Maximum: 123

         1  2  3  4  5 
       ---------------
     1 | 0  1  1  1  0 
     2 | 1  1  1  0  1 
     3 | 1  0  1  0  1 
     4 | 0  1  1  0  0 
     5 | 1  1  1  1  0 


  Transitivity closure by Warshall:

    Minimum: 125

         1  2  3  4  5 
       ---------------
     1 | 0  1  1  1  0 
     2 | 1  1  1  0  1 
     3 | 1  0  1  0  1 
     4 | 0  1  1  0  0 
     5 | 1  1  1  1  0 

    Maximum: 125

         1  2  3  4  5 
       ---------------
     1 | 0  1  1  1  0 
     2 | 1  1  1  0  1 
     3 | 1  0  1  0  1 
     4 | 0  1  1  0  0 
     5 | 1  1  1  1  0 


  Transitivity closure improved by Warshall:

    Minimum: 117

         1  2  3  4  5 
       ---------------
     1 | 0  1  1  1  0 
     2 | 1  1  1  0  1 
     3 | 1  0  1  0  1 
     4 | 0  1  1  0  0 
     5 | 1  1  1  1  0 

    Maximum: 121

         1  2  3  4  5 
       ---------------
     1 | 1  1  1  1  0 
     2 | 1  0  1  0  1 
     3 | 1  0  1  0  1 
     4 | 0  1  0  0  1 
     5 | 1  0  1  1  1 

  Number of pairs: 25

  Slow transitivity closure:

    Minimum: 25

         1  2  3  4  5 
       ---------------
     1 | 1  1  1  1  1 
     2 | 1  1  1  1  1 
     3 | 1  1  1  1  1 
     4 | 1  1  1  1  1 
     5 | 1  1  1  1  1 

    Maximum: 25

         1  2  3  4  5 
       ---------------
     1 | 1  1  1  1  1 
     2 | 1  1  1  1  1 
     3 | 1  1  1  1  1 
     4 | 1  1  1  1  1 
     5 | 1  1  1  1  1 


  Transitivity closure:

    Minimum: 75

         1  2  3  4  5 
       ---------------
     1 | 1  1  1  1  1 
     2 | 1  1  1  1  1 
     3 | 1  1  1  1  1 
     4 | 1  1  1  1  1 
     5 | 1  1  1  1  1 

    Maximum: 75

         1  2  3  4  5 
       ---------------
     1 | 1  1  1  1  1 
     2 | 1  1  1  1  1 
     3 | 1  1  1  1  1 
     4 | 1  1  1  1  1 
     5 | 1  1  1  1  1 


  Transitivity closure improved:

    Minimum: 25

         1  2  3  4  5 
       ---------------
     1 | 1  1  1  1  1 
     2 | 1  1  1  1  1 
     3 | 1  1  1  1  1 
     4 | 1  1  1  1  1 
     5 | 1  1  1  1  1 

    Maximum: 25

         1  2  3  4  5 
       ---------------
     1 | 1  1  1  1  1 
     2 | 1  1  1  1  1 
     3 | 1  1  1  1  1 
     4 | 1  1  1  1  1 
     5 | 1  1  1  1  1 


  Transitivity closure by Warshall:

    Minimum: 125

         1  2  3  4  5 
       ---------------
     1 | 1  1  1  1  1 
     2 | 1  1  1  1  1 
     3 | 1  1  1  1  1 
     4 | 1  1  1  1  1 
     5 | 1  1  1  1  1 

    Maximum: 125

         1  2  3  4  5 
       ---------------
     1 | 1  1  1  1  1 
     2 | 1  1  1  1  1 
     3 | 1  1  1  1  1 
     4 | 1  1  1  1  1 
     5 | 1  1  1  1  1 


  Transitivity closure improved by Warshall:

    Minimum: 125

         1  2  3  4  5 
       ---------------
     1 | 1  1  1  1  1 
     2 | 1  1  1  1  1 
     3 | 1  1  1  1  1 
     4 | 1  1  1  1  1 
     5 | 1  1  1  1  1 

    Maximum: 125

         1  2  3  4  5 
       ---------------
     1 | 1  1  1  1  1 
     2 | 1  1  1  1  1 
     3 | 1  1  1  1  1 
     4 | 1  1  1  1  1 
     5 | 1  1  1  1  1 

