N = 5
  Number of pairs: 1

  Slow transitivity closure:
    Minimum: 121

     1 2 3 4 5
    ----------
 1 | 1 0 0 0 0
 2 | 0 0 0 0 0
 3 | 0 0 0 0 0
 4 | 0 0 0 0 0
 5 | 0 0 0 0 0
    Maximum: 125

     1 2 3 4 5
    ----------
 1 | 0 0 0 0 0
 2 | 0 0 0 0 0
 3 | 0 0 0 0 0
 4 | 1 0 0 0 0
 5 | 0 0 0 0 0

  Transitivity closure:
    Minimum: 363

     1 2 3 4 5
    ----------
 1 | 1 0 0 0 0
 2 | 0 0 0 0 0
 3 | 0 0 0 0 0
 4 | 0 0 0 0 0
 5 | 0 0 0 0 0
    Maximum: 375

     1 2 3 4 5
    ----------
 1 | 0 0 0 0 0
 2 | 0 0 0 0 0
 3 | 0 0 0 0 0
 4 | 1 0 0 0 0
 5 | 0 0 0 0 0

  Transitivity closure improved:
    Minimum: 121

     1 2 3 4 5
    ----------
 1 | 1 0 0 0 0
 2 | 0 0 0 0 0
 3 | 0 0 0 0 0
 4 | 0 0 0 0 0
 5 | 0 0 0 0 0
    Maximum: 125

     1 2 3 4 5
    ----------
 1 | 0 0 0 0 0
 2 | 0 0 0 0 0
 3 | 0 0 0 0 0
 4 | 1 0 0 0 0
 5 | 0 0 0 0 0

  Transitivity closure by Warshall:
    Minimum: 125

     1 2 3 4 5
    ----------
 1 | 0 0 0 0 0
 2 | 0 0 0 0 0
 3 | 0 0 0 0 0
 4 | 1 0 0 0 0
 5 | 0 0 0 0 0
    Maximum: 125

     1 2 3 4 5
    ----------
 1 | 0 0 0 0 0
 2 | 0 0 0 0 0
 3 | 0 0 0 0 0
 4 | 1 0 0 0 0
 5 | 0 0 0 0 0

  Transitivity closure improved by Warshall:
    Minimum: 30

     1 2 3 4 5
    ----------
 1 | 0 0 0 0 0
 2 | 0 0 0 0 0
 3 | 0 0 0 0 0
 4 | 1 0 0 0 0
 5 | 0 0 0 0 0
    Maximum: 30

     1 2 3 4 5
    ----------
 1 | 0 0 0 0 0
 2 | 0 0 0 0 0
 3 | 0 0 0 0 0
 4 | 1 0 0 0 0
 5 | 0 0 0 0 0
  Number of pairs: 6

  Slow transitivity closure:
    Minimum: 103

     1 2 3 4 5
    ----------
 1 | 1 0 1 0 0
 2 | 0 1 0 0 0
 3 | 0 0 0 0 0
 4 | 1 1 1 0 0
 5 | 0 0 0 0 0
    Maximum: 345

     1 2 3 4 5
    ----------
 1 | 0 0 1 1 0
 2 | 0 0 0 0 1
 3 | 0 0 0 0 0
 4 | 0 1 0 0 0
 5 | 0 0 1 0 1

  Transitivity closure:
    Minimum: 260

     1 2 3 4 5
    ----------
 1 | 1 0 0 1 1
 2 | 0 0 0 0 0
 3 | 0 0 0 1 0
 4 | 1 0 0 0 0
 5 | 1 0 0 0 0
    Maximum: 375

     1 2 3 4 5
    ----------
 1 | 0 0 0 0 0
 2 | 1 0 1 1 1
 3 | 0 0 0 0 0
 4 | 0 0 0 0 0
 5 | 0 0 1 0 1

  Transitivity closure improved:
    Minimum: 103

     1 2 3 4 5
    ----------
 1 | 1 0 1 0 0
 2 | 0 1 0 0 0
 3 | 0 0 0 0 0
 4 | 1 1 1 0 0
 5 | 0 0 0 0 0
    Maximum: 375

     1 2 3 4 5
    ----------
 1 | 0 0 0 0 0
 2 | 1 0 1 1 1
 3 | 0 0 0 0 0
 4 | 0 0 0 0 0
 5 | 0 0 1 0 1

  Transitivity closure by Warshall:
    Minimum: 125

     1 2 3 4 5
    ----------
 1 | 0 0 0 0 0
 2 | 0 0 1 0 0
 3 | 0 1 1 0 1
 4 | 0 0 0 0 0
 5 | 0 0 0 1 1
    Maximum: 125

     1 2 3 4 5
    ----------
 1 | 0 0 0 0 0
 2 | 0 0 1 0 0
 3 | 0 1 1 0 1
 4 | 0 0 0 0 0
 5 | 0 0 0 1 1

  Transitivity closure improved by Warshall:
    Minimum: 55

     1 2 3 4 5
    ----------
 1 | 0 0 0 0 0
 2 | 1 0 1 0 1
 3 | 0 0 1 0 0
 4 | 0 0 1 1 0
 5 | 0 0 0 0 0
    Maximum: 100

     1 2 3 4 5
    ----------
 1 | 0 0 1 1 1
 2 | 1 0 0 0 0
 3 | 0 0 0 0 0
 4 | 0 1 0 0 0
 5 | 0 1 0 0 0
  Number of pairs: 12

  Slow transitivity closure:
    Minimum: 101

     1 2 3 4 5
    ----------
 1 | 0 0 1 1 0
 2 | 1 0 1 1 0
 3 | 1 0 0 0 1
 4 | 0 1 1 0 1
 5 | 0 1 1 0 0
    Maximum: 251

     1 2 3 4 5
    ----------
 1 | 1 0 0 0 0
 2 | 1 0 1 1 1
 3 | 1 0 1 1 1
 4 | 1 0 0 0 1
 5 | 0 0 1 0 0

  Transitivity closure:
    Minimum: 130

     1 2 3 4 5
    ----------
 1 | 1 0 0 1 1
 2 | 0 1 1 1 0
 3 | 1 1 0 1 0
 4 | 1 0 0 0 0
 5 | 1 0 1 0 0
    Maximum: 289

     1 2 3 4 5
    ----------
 1 | 0 0 0 0 0
 2 | 0 0 0 0 0
 3 | 1 1 1 1 0
 4 | 1 0 1 0 1
 5 | 1 1 1 1 1

  Transitivity closure improved:
    Minimum: 122

     1 2 3 4 5
    ----------
 1 | 1 1 1 0 1
 2 | 1 1 1 0 0
 3 | 1 0 1 0 1
 4 | 1 0 0 0 0
 5 | 0 0 0 0 1
    Maximum: 267

     1 2 3 4 5
    ----------
 1 | 1 0 0 0 0
 2 | 1 0 1 1 1
 3 | 1 0 1 1 1
 4 | 1 0 0 0 1
 5 | 0 0 1 0 0

  Transitivity closure by Warshall:
    Minimum: 125

     1 2 3 4 5
    ----------
 1 | 1 1 0 0 1
 2 | 0 1 0 1 1
 3 | 1 0 0 0 1
 4 | 0 0 1 0 0
 5 | 1 0 1 1 0
    Maximum: 125

     1 2 3 4 5
    ----------
 1 | 1 1 0 0 1
 2 | 0 1 0 1 1
 3 | 1 0 0 0 1
 4 | 0 0 1 0 0
 5 | 1 0 1 1 0

  Transitivity closure improved by Warshall:
    Minimum: 90

     1 2 3 4 5
    ----------
 1 | 0 0 1 0 1
 2 | 0 1 0 1 1
 3 | 0 0 1 0 0
 4 | 1 0 1 1 1
 5 | 0 1 0 1 0
    Maximum: 140

     1 2 3 4 5
    ----------
 1 | 0 1 1 1 0
 2 | 1 0 0 0 1
 3 | 1 0 0 0 1
 4 | 1 1 0 0 0
 5 | 0 1 1 0 1
  Number of pairs: 16

  Slow transitivity closure:
    Minimum: 50

     1 2 3 4 5
    ----------
 1 | 1 1 1 1 1
 2 | 1 0 0 0 0
 3 | 1 1 1 0 1
 4 | 1 0 0 1 1
 5 | 1 0 1 0 1
    Maximum: 183

     1 2 3 4 5
    ----------
 1 | 1 1 0 0 1
 2 | 0 1 0 1 1
 3 | 0 1 1 1 0
 4 | 0 1 1 1 1
 5 | 0 1 0 1 1

  Transitivity closure:
    Minimum: 75

     1 2 3 4 5
    ----------
 1 | 1 1 1 1 1
 2 | 1 0 0 0 0
 3 | 1 1 1 0 1
 4 | 1 0 0 1 1
 5 | 1 0 1 0 1
    Maximum: 226

     1 2 3 4 5
    ----------
 1 | 1 0 0 0 0
 2 | 1 1 1 1 1
 3 | 0 0 1 1 0
 4 | 1 0 1 1 0
 5 | 1 1 1 1 1

  Transitivity closure improved:
    Minimum: 50

     1 2 3 4 5
    ----------
 1 | 1 1 1 1 1
 2 | 1 0 0 0 0
 3 | 1 1 1 0 1
 4 | 1 0 0 1 1
 5 | 1 0 1 0 1
    Maximum: 218

     1 2 3 4 5
    ----------
 1 | 1 1 1 1 1
 2 | 0 0 1 0 1
 3 | 0 0 0 0 0
 4 | 1 1 1 1 1
 5 | 0 1 1 1 1

  Transitivity closure by Warshall:
    Minimum: 125

     1 2 3 4 5
    ----------
 1 | 1 1 0 1 1
 2 | 1 1 0 0 1
 3 | 1 1 1 1 1
 4 | 1 1 0 0 0
 5 | 0 1 0 1 0
    Maximum: 125

     1 2 3 4 5
    ----------
 1 | 1 1 0 1 1
 2 | 1 1 0 0 1
 3 | 1 1 1 1 1
 4 | 1 1 0 0 0
 5 | 0 1 0 1 0

  Transitivity closure improved by Warshall:
    Minimum: 105

     1 2 3 4 5
    ----------
 1 | 0 1 0 0 1
 2 | 0 1 0 0 1
 3 | 1 1 1 0 1
 4 | 0 1 1 0 1
 5 | 1 1 1 1 1
    Maximum: 150

     1 2 3 4 5
    ----------
 1 | 1 1 0 1 0
 2 | 1 1 1 1 1
 3 | 1 1 0 0 1
 4 | 1 1 1 0 0
 5 | 1 1 0 0 0
  Number of pairs: 25

  Slow transitivity closure:
    Minimum: 25

     1 2 3 4 5
    ----------
 1 | 1 1 1 1 1
 2 | 1 1 1 1 1
 3 | 1 1 1 1 1
 4 | 1 1 1 1 1
 5 | 1 1 1 1 1
    Maximum: 25

     1 2 3 4 5
    ----------
 1 | 1 1 1 1 1
 2 | 1 1 1 1 1
 3 | 1 1 1 1 1
 4 | 1 1 1 1 1
 5 | 1 1 1 1 1

  Transitivity closure:
    Minimum: 75

     1 2 3 4 5
    ----------
 1 | 1 1 1 1 1
 2 | 1 1 1 1 1
 3 | 1 1 1 1 1
 4 | 1 1 1 1 1
 5 | 1 1 1 1 1
    Maximum: 75

     1 2 3 4 5
    ----------
 1 | 1 1 1 1 1
 2 | 1 1 1 1 1
 3 | 1 1 1 1 1
 4 | 1 1 1 1 1
 5 | 1 1 1 1 1

  Transitivity closure improved:
    Minimum: 25

     1 2 3 4 5
    ----------
 1 | 1 1 1 1 1
 2 | 1 1 1 1 1
 3 | 1 1 1 1 1
 4 | 1 1 1 1 1
 5 | 1 1 1 1 1
    Maximum: 25

     1 2 3 4 5
    ----------
 1 | 1 1 1 1 1
 2 | 1 1 1 1 1
 3 | 1 1 1 1 1
 4 | 1 1 1 1 1
 5 | 1 1 1 1 1

  Transitivity closure by Warshall:
    Minimum: 125

     1 2 3 4 5
    ----------
 1 | 1 1 1 1 1
 2 | 1 1 1 1 1
 3 | 1 1 1 1 1
 4 | 1 1 1 1 1
 5 | 1 1 1 1 1
    Maximum: 125

     1 2 3 4 5
    ----------
 1 | 1 1 1 1 1
 2 | 1 1 1 1 1
 3 | 1 1 1 1 1
 4 | 1 1 1 1 1
 5 | 1 1 1 1 1

  Transitivity closure improved by Warshall:
    Minimum: 150

     1 2 3 4 5
    ----------
 1 | 1 1 1 1 1
 2 | 1 1 1 1 1
 3 | 1 1 1 1 1
 4 | 1 1 1 1 1
 5 | 1 1 1 1 1
    Maximum: 150

     1 2 3 4 5
    ----------
 1 | 1 1 1 1 1
 2 | 1 1 1 1 1
 3 | 1 1 1 1 1
 4 | 1 1 1 1 1
 5 | 1 1 1 1 1
