1 9 2 12 12 12 -2 7 1 12 12 12 -1
2 1 9 12 12 12 -2 7 2 12 12 12 -1
3 1 2 3 12 12 -2 7 -3 12 12 12 -1
4 1 2 3 4 12 -2 7 -3 12 12 12 -1
10 1 2 12 12 12 -2 7 -3 12 12 5 -1
11 1 2 12 12 12 -2 7 -3 12 12 12 -1
5 1 2 12 12 12 5 7 -3 12 5 5 -1
5 1 2 12 12 12 -2 7 -3  8 12 12 -1
5 1 2 12 12 12 -2 7 -3 12 12 12 -1
6 1 2 12 12 12 -2 7 -3 12 12 12 -1
5 1 2 12 12 12 -2 7 -3 12 12 12 -1
5 1 2 12 12 12 -2 7 -3 12 12 12 -1
5 1 2 12 12 12 -2 7 -3 12 12 12 -1
5 1 2 12 12 12 -2 7 -3 12 12 12 -1
7 1 2 12 12 12 -2 7 -3 12 12 12 -1
5 1 2 12 12 12 -2 5 -3 12 12 12 -1
12 -4 -4 12 12 12 -2 -1 -3 12 12 12 -1
